East Texas Permeability Data
5
well
sstvd
hphi
hk
Log10 hk
  5 -4331.6 27.50   930.00  2.9685
  5 -4332.6 26.80   592.00  2.7723
  5 -4334.6 26.30   458.00  2.6609
  5 -4335.6 24.90   322.00  2.5079
  5 -4336.5 24.90   307.00  2.4871
  5 -4337.5 25.50   296.00  2.4713
  5 -4338.5 25.90   199.00  2.2989
  5 -4339.5 25.20   141.00  2.1492
  5 -4341.5 20.40   124.00  2.0934
  5 -4342.5 27.30   648.00  2.8116
  5 -4343.5 26.50   776.00  2.8899
  5 -4344.5 27.20   785.00  2.8949
  5 -4346.4 27.50   483.00  2.6839
  5 -4347.4 22.70   210.00  2.3222
  5 -4348.4 21.30    35.50  1.5502
  5 -4368.2 13.30      .06 -1.2218
  5 -4369.2 18.70      .67  -.1739
  5 -4371.2 13.60      .05 -1.3009
  5 -4372.2 21.40    84.00  1.9243
  6 -4036.1 27.60   470.00  2.6721
  6 -4037.1 15.50      .10 -1.0000
  6 -4038.1 18.30      .61  -.2147
  6 -4039.1 18.70    30.00  1.4771
  6 -4040.1 25.60   147.00  2.1673
  6 -4041.1 27.30   263.00  2.4200
  6 -4042.1 27.60   200.00  2.3010
  6 -4043.1 27.40   338.00  2.5289
  6 -4044.1 26.70   191.00  2.2810
  6 -4045.1 27.40   240.00  2.3802
  6 -4046.1 26.20   147.00  2.1673
  6 -4047.1 25.30    94.00  1.9731
  6 -4048.1 21.70    61.00  1.7853
  6 -4049.1 19.60    38.00  1.5798
  6 -4050.1 22.00    28.00  1.4472
  6 -4051.1 20.50    14.00  1.1461
  6 -4052.1 24.20    38.00  1.5798
  6 -4053.1 23.60    57.00  1.7559
  6 -4054.1 10.30    15.00  1.1761
  6 -4055.1 24.80    77.00  1.8865
  6 -4056.1  5.80      .08 -1.0969
  6 -4057.1  9.20      .14  -.8538
  6 -4058.1 10.00      .10 -1.0000
  6 -4059.1  9.00      .15  -.8239
  6 -4060.1  9.90      .10 -1.0000
  6 -4063.1  8.40      .05 -1.3009
  6 -4064.1  5.40      .05 -1.3009
  6 -4065.1  7.00      .22  -.6576
  6 -4066.1  7.20      .27  -.5686
  6 -4067.1  7.40      .08 -1.0969
  6 -4071.1  8.30     2.70   .4314
  6 -4072.1 10.90      .11  -.9586
  6 -4073.0  8.60      .05 -1.3009
  6 -4074.0  8.40      .10 -1.0000
  6 -4075.0 15.40      .23  -.6383
  6 -4076.0 15.90      .05 -1.3009
  6 -4077.0 16.50      .08 -1.0969
  6 -4078.0 14.40      .03 -1.5227
  6 -4079.0  9.40      .06 -1.2218
  6 -4080.0 13.10      .20  -.6989
  6 -4081.0 14.40   152.00  2.1818
  6 -4084.0 10.00      .01 -1.9996
  6 -4085.0  8.80      .08 -1.0969
  6 -4086.0 12.90    73.00  1.8633
  6 -4087.0 13.20    36.00  1.5563
  6 -4089.0 10.40      .04 -1.3978
  6 -4090.0 11.80      .14  -.8538
  6 -4091.0 12.50    17.00  1.2304
  6 -4092.0 12.00    12.00  1.0792
  6 -4094.0 10.50      .09 -1.0457
  6 -4095.0  9.80      .04 -1.3978
  6 -4096.0 10.30      .01 -1.9996
  6 -4097.0  9.90      .01 -1.9996
  6 -4098.0  9.60      .03 -1.5227
  6 -4099.0  9.50      .16  -.7959
  6 -4100.0 11.60      .19  -.7212
  6 -4101.0 10.90      .01 -1.9996
  6 -4102.0  8.50      .02 -1.6988
  6 -4103.0  8.60      .08 -1.0969
  6 -4104.0 11.20      .36  -.4437
  6 -4114.9  8.90      .17  -.7695
  6 -4115.9 12.20      .05 -1.3009
  6 -4116.9  7.60      .05 -1.3009
  6 -4117.9 11.00      .18  -.7447
  6 -4118.9  8.60      .01 -1.9996
  6 -4120.9  9.10      .01 -1.9996
  6 -4121.9  6.30      .02 -1.6988
  6 -4122.9  6.80      .01 -1.9996
  6 -4123.9  6.90      .01 -1.9996
  6 -4124.9 12.80      .17  -.7695
  6 -4125.9 13.60      .04 -1.3978
  6 -4126.9  9.50      .01 -1.9996
  6 -4127.9  8.60      .16  -.7959
  6 -4130.9  6.30      .01 -1.9996
  6 -4131.9 13.40      .11  -.9586
  6 -4132.9 16.20    28.00  1.4472
  6 -4133.9 14.70    12.00  1.0792
  6 -4134.9 10.90      .03 -1.5227
  6 -4137.9 10.70    27.00  1.4314
  6 -4138.9 10.00      .01 -1.9996
  6 -4139.9  7.20      .01 -1.9996
  6 -4140.9 25.60   311.00  2.4928
  6 -4141.9 18.80    14.00  1.1461
  6 -4142.9 13.70    16.00  1.2041
  6 -4143.9 23.80   266.00  2.4249
  6 -4144.9 26.20   309.00  2.4900
  6 -4145.8 28.10   796.00  2.9009
  6 -4146.8 27.30   412.00  2.6149
  6 -4147.8 26.10   433.00  2.6365
  6 -4148.8 26.90   516.00  2.7126
  6 -4149.8 27.60   469.00  2.6712
  6 -4150.8 27.70   617.00  2.7903
  6 -4151.8 27.30   382.00  2.5821
  6 -4152.8 26.80   518.00  2.7143
  6 -4153.8 26.20  1000.00  3.0000
  6 -4154.8 27.30   620.00  2.7924
  6 -4155.8 27.30   486.00  2.6866
  6 -4156.8 26.60   527.00  2.7218
  6 -4157.8 19.90   175.00  2.2430
  6 -4158.8 30.20  1040.00  3.0170
  6 -4159.8 28.80  1010.00  3.0043
  6 -4160.8 14.80    22.00  1.3424
  6 -4162.8 26.00   585.00  2.7672
  6 -4163.8 24.60   961.00  2.9827
  6 -4163.8 24.60   961.00  2.9827
  6 -4165.8 10.00      .03 -1.5227
  6 -4165.8 10.00      .03 -1.5227
  6 -4166.8 24.50    72.00  1.8573
  6 -4166.8 24.50    72.00  1.8573
  6 -4167.8 21.10      .01 -1.9996
  6 -4167.8 21.10      .01 -1.9996
  6 -4168.8 29.10   420.00  2.6232
  6 -4168.8 29.10   420.00  2.6232
  6 -4170.8 28.30   280.00  2.4472
  6 -4170.8 28.30   280.00  2.4472
  6 -4171.8  7.50      .02 -1.6988
  6 -4171.8  7.50      .02 -1.6988
  6 -4172.8  7.30      .02 -1.6988
  6 -4172.8  7.30      .02 -1.6988
  6 -4173.8 19.00    36.00  1.5563
  6 -4173.8 19.00    36.00  1.5563
  6 -4174.8 25.00   194.00  2.2878
  6 -4174.8 25.00   194.00  2.2878
  6 -4175.8 28.60   468.00  2.6702
  6 -4175.8 28.60   468.00  2.6702
  6 -4177.8 25.10   155.00  2.1903
  6 -4177.8 25.10   155.00  2.1903
  6 -4179.8 21.90    82.00  1.9138
  6 -4179.8 21.90    82.00  1.9138
  6 -4180.8 25.10   220.00  2.3424
  6 -4180.8 25.10   220.00  2.3424
  6 -4181.8 26.10   186.00  2.2695
  6 -4181.8 26.10   186.00  2.2695
  6 -4182.7 27.80   527.00  2.7218
  6 -4182.7 27.80   527.00  2.7218
  6 -4183.7 26.90   561.00  2.7490
  6 -4183.7 26.90   561.00  2.7490
  6 -4184.7  8.60      .02 -1.6988
  6 -4184.7  8.60      .02 -1.6988
  6 -4185.7 25.30   141.00  2.1492
  6 -4185.7 25.30   141.00  2.1492
  6 -4186.7 22.10    53.00  1.7243
  6 -4186.7 22.10    53.00  1.7243
  6 -4187.7 11.60      .07 -1.1548
  6 -4187.7 11.60      .07 -1.1548
  6 -4189.7 18.90    32.00  1.5052
  6 -4189.7 18.90    32.00  1.5052
  6 -4190.7 30.20   496.00  2.6955
  6 -4190.7 30.20   496.00  2.6955
  6 -4191.7 29.70   370.00  2.5682
  6 -4192.7 18.10    43.00  1.6335
  6 -4193.7 13.10      .77  -.1135
  6 -4194.7 21.00    76.00  1.8808
  6 -4195.7 24.40   220.00  2.3424
  6 -4196.7 29.30   499.00  2.6981
  6 -4197.7 28.50   640.00  2.8062
  6 -4198.7 28.40   581.00  2.7642
  6 -4199.7 24.80   380.00  2.5798
  6 -4200.7 20.70    53.00  1.7243
  6 -4201.7 23.30   155.00  2.1903
  6 -4202.7 23.10   249.00  2.3962
  6 -4203.7 28.70   494.00  2.6937
  6 -4204.7 28.60   502.00  2.7007
  6 -4206.7 20.30    76.00  1.8808
  6 -4207.7 28.00   412.00  2.6149
  6 -4208.7 31.70   947.00  2.9764
  6 -4209.7 30.90   629.00  2.7987
  6 -4210.7 20.30    37.00  1.5682
  6 -4211.7 30.10   482.00  2.6830
  6 -4212.7 30.50   622.00  2.7938
  6 -4213.7 28.10   532.00  2.7259
  6 -4214.7 29.60   488.00  2.6884
  6 -4215.7 27.70   462.00  2.6646
  6 -4216.7 28.40   357.00  2.5527
  6 -4217.7 28.60   622.00  2.7938
  6 -4218.7 28.30   486.00  2.6866
  6 -4219.7 28.80   511.00  2.7084
  6 -4220.7 29.10   468.00  2.6702
  6 -4221.7 26.50   144.00  2.1584
  6 -4222.6 26.20   383.00  2.5832
  6 -4224.6  8.70      .05 -1.3009
  6 -4225.6 14.50      .69  -.1611
  6 -4229.6 13.40      .40  -.3979
  6 -4230.6 20.90    35.00  1.5441
  6 -4231.6 22.70   412.00  2.6149
  6 -4232.6 24.50   285.00  2.4548
  6 -4233.6 20.60    43.00  1.6335
  6 -4235.6 27.00  1100.00  3.0414
  6 -4236.6 28.60  1420.00  3.1523
  6 -4237.6 28.80  2220.00  3.3464
  6 -4240.6 24.00   585.00  2.7672
  6 -4241.6 25.70   688.00  2.8376
  6 -4242.6 28.50  2850.00  3.4548
  6 -4243.6 27.00  1300.00  3.1139
  6 -4244.6 29.20  3850.00  3.5855
  6 -4245.6 27.20  1790.00  3.2529
  6 -4246.6 27.00  2910.00  3.4639
  6 -4247.6 27.60  4140.00  3.6170
  6 -4248.6 28.10  1280.00  3.1072
  6 -4412.3 19.70    16.00  1.2041
  6 -4413.3 29.60  3710.00  3.5694
  6 -4414.3 27.90  4820.00  3.6830
  6 -4415.3 28.00  3820.00  3.5821
  6 -4416.3 28.70  2800.00  3.4472
  6 -4417.3 24.90  1050.00  3.0212
  6 -4418.3 28.50  1980.00  3.2967
  6 -4419.3 29.40  2670.00  3.4265
  6 -4420.3 25.40  1690.00  3.2279
  6 -4424.3 27.10  5790.00  3.7627
  6 -4429.3 28.00  5920.00  3.7723
  6 -4431.3 29.40  9590.00  3.9818
  6 -4432.3 28.60  8880.00  3.9484
  6 -4438.3 30.60  8320.00  3.9201
  6 -4439.3 30.80  9680.00  3.9859
  6 -4441.3 30.30  8830.00  3.9460
  6 -4442.3 28.80  7330.00  3.8651
  6 -4443.3 28.40  7940.00  3.8998
  6 -4444.3 28.60  6250.00  3.7959
  6 -4445.3 28.20  8960.00  3.9523
  6 -4446.3 28.80  8020.00  3.9042
  6 -4450.3 27.50  7830.00  3.8938
  6 -4453.3 29.50  5650.00  3.7520
  6 -4458.2 33.70  7240.00  3.8597
  6 -4459.2 26.70  4420.00  3.6454
