Synthetic point data – 140 samples
5
Xlocation
Ylocation
Primary
Declustering Weight
Secondary
31.8319  1.7255  4.6661  1.6047  4.3192
33.6583  44.2168  7.6838  0.5447  6.1945
11.2133  25.2624  6.9699  1.4748  5.0447
27.2021  11.3016  0.3744  0.5097  -1.1908
39.9851  34.7088  4.0632  1.9358  3.5798
16.9931  5.0445  9.7765  1.4056  8.5045
40.0493  36.2569  0.01  1.0678  -0.9033
27.55  41.1408  0.6121  1.366  -1.5937
35.024  2.7454  5.3433  0.6197  4.9683
11.9068  5.4491  4.2545  1.0472  5.0769
18.6389  10.7658  4.2497  1.4721  6.4784
30.3474  8.8858  4.7656  1.0692  2.4476
48.9866  31.86  0.7311  1.7643  -0.2863
38.524  11.7234  7.5589  0.9016  5.5528
10.8382  46.7026  6.8599  1.4832  3.8878
19.886  45.3128  2.7247  0.8699  2.2082
28.007  13.3743  0.01  1.0991  -1.6167
11.2467  49.3793  3.6925  0.5707  2.5456
5.8728  31.2449  5.8211  0.5953  2.5584
19.1993  49.3099  0.01  1.7912  -0.7194
1.0626  35.8154  3.4512  0.9002  0.7232
31.9071  5.9661  1.9743  1.9307  2.0393
43.4168  13.4061  3.1178  1.8689  2.179
43.1554  15.1238  2.3586  0.7293  0.0759
37.863  26.9296  5.6598  0.5009  2.1474
16.3836  1.4544  10.5609  1.7475  6.065
15.5682  3.3383  10.2372  0.6285  4.6447
24.3135  3.8914  5.3403  0.6926  1.188
23.7888  27.4404  4.4249  1.1347  6.1278
10.8781  26.9255  4.7471  0.9676  2.3257
49.2623  32.344  1.6483  0.6815  1.8406
11.5102  17.0662  3.1559  0.8303  1.6376
3.9787  31.424  5.8595  1.7895  7.3308
3.972  12.1622  3.9847  0.6985  1.8798
46.3402  28.4811  0.01  1.7112  0.4561
9.8301  5.2496  2.1419  1.2005  2.1603
36.2247  33.4949  6.3589  1.1039  4.3834
17.1258  42.722  5.0165  1.1729  4.4859
21.1722  14.1487  5.0083  1.1647  6.9048
42.7061  27.4659  15.8437  1.754  12.8744
47.9808  45.892  6.0515  1.2285  3.4998
10.9736  20.151  7.7318  1.978  5.9396
13.4949  38.9195  1.9787  1.936  1.8239
49.2757  27.7326  4.6569  0.9451  2.407
47.9668  28.8798  0.1932  0.5857  -0.5173
29.1247  25.1397  6.0563  1.9412  3.538
4.4255  9.6054  1.2794  0.8528  -0.3693
6.3744  44.1241  5.0958  1.4291  5.5819
21.042  29.0999  0.01  0.8064  -0.4929
35.5934  12.1956  1.4485  0.95  2.3774
15.9927  37.3414  7.9827  1.9977  6.319
49.3087  4.0898  5.5404  1.8999  5.0244
43.6623  43.5842  3.8005  1.7506  3.3029
34.9735  30.4722  9.3566  0.5117  6.3745
40.5381  15.1696  1.3273  0.7014  -2.1055
6.156  5.7448  2.7403  1.4072  1.5256
35.663  10.4763  3.4383  1.2328  1.5296
44.8615  41.9591  7.6342  0.915  6.2067
0.6737  38.2848  3.4771  1.6118  1.5468
27.5323  21.4567  6.1844  1.8247  4.3651
44.7925  27.2339  7.0098  0.7221  3.1978
6.7448  15.6047  9.3082  1.7911  4.9295
44.5473  10.7938  5.0041  1.6702  4.2015
43.8226  20.4125  3.7377  1.8948  2.0188
42.8657  48.3341  7.3084  0.5372  2.2414
36.5917  16.7771  9.8988  1.7961  5.7919
40.2267  13.5735  5.3339  1.8083  3.0359
42.5711  11.3993  6.3537  0.9578  2.9253
39.4719  11.6522  6.9437  0.9924  5.0062
42.8533  47.8776  4.218  1.0995  5.0652
48.5763  26.7746  6.3783  1.9556  4.1881
9.2498  47.6642  4.8606  1.1518  4.1176
36.1987  15.8702  2.1796  1.0778  0.4146
28.7528  12.9814  4.9553  1.8884  3.3843
26.8841  35.7521  4.774  1.0463  1.1091
3.9287  33.0476  3.7426  1.772  3.76
35.768  15.2158  3.8813  1.1036  4.1484
14.9871  6.7371  0.01  1.516  1.7142
44.7375  30.6602  3.8104  0.5006  4.4614
14.5588  21.5645  1.166  1.1975  -0.2374
22.1658  10.9714  0.01  1.694  0.5481
8.8149  4.655  0.7726  1.0028  0.335
40.6027  37.3058  4.0021  0.7987  1.8549
1.6968  12.4973  0.01  0.6092  0.4614
20.8076  31.3585  6.5844  1.2416  6.7853
12.4552  32.6468  9.9993  1.6551  7.0866
5.7228  21.3322  8.3914  1.2769  9.2483
2.9607  12.7107  6.919  1.7021  3.4932
33.2113  48.9067  0.01  1.8371  -2.0657
30.52  35.7444  0.01  1.3218  -0.0778
44.4632  36.9391  2.7055  0.8709  2.078
31.7454  38.0249  0.8259  0.9119  0.2971
4.2967  14.5007  4.6418  1.3102  4.5537
7.2803  11.8318  3.3799  0.5963  0.1616
20.4724  27.0879  3.2371  1.1302  2.7815
44.8371  29.1199  3.015  1.6484  -0.6749
19.1387  0.7889  2.0043  1.7802  3.4174
47.2181  21.032  4.9411  1.4049  1.5736
11.3064  11.2517  4.3302  1.0042  3.174
33.778  20.3115  6.7133  0.6914  6.1488
30.9906  1.8214  1.9587  0.5407  2.5657
31.9947  7.1493  4.0641  1.0687  2.9597
10.8714  16.5154  5.2065  1.628  2.1837
41.2643  12.8613  5.5167  1.3091  4.0078
49.4955  17.6481  1.9296  1.4776  -0.7663
37.4574  47.031  5.1905  0.7286  3.9225
6.6848  33.3035  3.064  1.5492  1.7333
38.078  8.7217  1.1082  0.6718  -0.7782
40.6458  47.7713  5.5324  0.9679  4.0876
33.69  47.4505  1.2139  0.614  2.2869
34.3401  31.2349  9.1398  1.7754  7.9399
29.9202  6.4317  10.2143  1.0208  6.8844
21.4905  18.658  2.261  1.7744  1.5314
40.7942  5.6714  9.1339  1.7431  5.8739
35.1581  21.8389  4.2088  0.9051  -0.9256
40.1018  26.8705  1.8086  1.5965  1.4321
13.6514  42.2339  5.6205  1.8224  3.3761
12.4493  23.2707  2.7476  0.543  0.9877
42.1967  9.4102  6.2647  1.0105  6.9918
43.6357  34.858  4.9296  1.9221  3.6621
4.695  35.7837  0.01  1.5359  0.1882
32.1492  24.5502  5.3534  0.8324  3.1084
34.3976  15.5041  2.0394  1.2964  0.5948
21.3497  37.0508  2.7281  0.9064  3.9519
12.8188  6.4121  5.5344  1.3038  4.5823
37.8473  9.5723  5.7237  1.5869  5.6943
48.3537  26.2072  4.7157  0.7912  3.9767
11.6467  9.2926  8.6934  0.9115  6.25
48.2405  27.6146  4.4943  1.8027  2.4088
24.5531  43.2633  1.9817  1.1607  0.6294
9.5338  3.0175  8.1876  1.7332  5.1126
20.1347  4.13  4.3157  0.7238  2.6592
28.0791  15.3879  6.5053  1.6467  4.5249
30.2096  39.2463  5.5551  1.1758  5.6913
22.1933  42.6482  7.556  1.4315  5.209
30.3719  36.7644  6.9376  0.8165  4.5252
32.861  8.1958  5.5459  0.504  4.4081
22.5747  29.5967  4.4419  1.5604  4.1614
34.9464  22.7475  2.3897  1.6817  -1.4717
31.1278  32.898  7.8866  1.3168  4.8817
