 file for bootstrap data
 1
 value
   2.750000    
   2.763080    
   2.750000    
   2.902878    
   2.889840    
   2.750000    
   2.750000    
   2.882193    
   2.750000    
   2.638800    
   2.750000    
   2.750000    
   2.750000    
   2.750000    
   2.784487    
   2.716519    
   2.750000    
   2.618112    
   2.750000    
   2.943527    
   2.750000    
   2.750000    
   2.750000    
   2.750000    
   2.908910    
   2.501606    
   2.750000    
   2.998206    
   2.750000    
   2.750000    
   2.750000    
   2.791876    
   2.750000    
   2.545619    
   2.750000    
   2.750000    
   2.796708    
   2.805788    
   2.981222    
   2.750000    
   2.750000    
   2.750000    
   2.750000    
   2.509770    
   2.750000    
   2.821721    
   2.750000    
   2.549129    
   2.805402    
   2.750000    
   2.960589    
   2.897086    
   2.859473    
   2.948231    
   2.750000    
   2.750000    
   2.750000    
   2.750000    
   2.750000    
   2.750000    
   2.591430    
   2.502842    
   2.818396    
   2.798628    
   2.750000    
   2.750000    
   2.750000    
   2.750000    
   2.873199    
   2.941449    
   2.923969    
   2.634343    
   2.750000    
   2.817304    
   2.750000    
   2.750000    
   2.742968    
   2.750000    
   2.898262    
   2.750000    
   2.750000    
   2.750000    
   2.750000    
   2.845675    
   2.911232    
   2.927456    
   2.750000    
   2.750000    
   2.750000    
   2.951330    
   2.750000    
   2.891300    
   2.750000    
   2.750000    
   2.962090    
   2.577279    
   2.750000    
   2.750000    
   2.997831    
   2.750000    
   2.750000    
   2.750000    
   2.679063    
   2.750000    
   2.750000    
   2.750000    
   2.750000    
   2.750000    
   2.750000    
   2.750000    
   2.765725    
   2.851152    
   2.750000    
   2.831315    
   2.750000    
   2.766220    
   2.750000    
   2.750000    
   2.750000    
   2.974039    
   2.914164    
   2.750000    
   2.546757    
   2.928793    
   2.818548    
   2.750000    
   2.501534    
   2.750000    
   2.750000    
   2.843187    
   2.750000    
   2.952054    
   2.750000    
   2.750000    
   2.750000    
   2.513519    
   2.750000    
   2.750000    
   2.537923    
   2.817971    
   2.750000    
   2.750000    
   2.735909    
   2.528329    
   2.750000    
   2.750000    
   2.750000    
   2.750000    
   2.950197    
   2.750000    
   2.750000    
   2.560389    
   2.513147    
   2.566867    
   2.935694    
   2.750000    
   2.750000    
   2.517690    
   2.750000    
   2.662682    
   2.793870    
   2.831212    
   2.979183    
   2.750000    
   2.511768    
   2.750000    
   2.547678    
   2.537790    
   2.628958    
   2.505609    
   2.904361    
   2.750000    
   2.750000    
   2.750000    
   2.750000    
   2.750000    
   2.903983    
   2.750000    
   2.750000    
   2.750000    
   2.750000    
   2.842092    
   2.750000    
   2.762419    
   2.750000    
   2.951891    
   2.750000    
   2.925786    
   2.750000    
   2.750000    
   2.750000    
   2.750000    
   2.750000    
   2.750000    
   2.778062    
   2.978184    
   2.750000    
   2.750000    
   2.832829    
   2.632025    
   2.750000    
   2.750000    
   2.750000    
   2.985590    
   2.736306    
   2.918554    
   2.577704    
   2.750000    
   2.796847    
   2.750000    
   2.753034    
   2.750000    
   2.773367    
   2.673715    
   2.846875    
   2.812916    
   2.750000    
   2.750000    
   2.750000    
   2.721955    
   2.703846    
   2.901222    
   2.516591    
   2.750000    
   2.553933    
   2.625134    
   2.750000    
   2.967526    
   2.750000    
   2.750000    
   2.750000    
   2.750000    
   2.599809    
   2.750000    
   2.661512    
   2.963050    
   2.932670    
   2.615091    
   2.706882    
   2.645480    
   2.642614    
   2.704903    
   2.970911    
   2.847174    
   2.750000    
   2.750000    
   2.750000    
   2.750000    
   2.750000    
   2.910509    
   2.961725    
   2.750000    
   2.750000    
   2.750000    
   2.583132    
   2.750000    
   2.918708    
   2.750000    
   2.750000    
   2.750000    
   2.879585    
   2.750000    
   2.666708    
   2.852167    
   2.750000    
   2.905801    
   2.751199    
   2.536766    
   2.886518    
   2.938271    
   2.750000    
   2.689551    
   2.572998    
   2.750000    
   2.750000    
   2.750000    
   2.750000    
   2.750000    
   2.750000    
   2.874842    
   2.750000    
   2.750000    
   2.921764    
   2.750000    
   2.781677    
   2.636298    
   2.750000    
   2.750000    
   2.568723    
   2.750000    
   2.945111    
   2.838096    
   2.750000    
   2.750000    
   2.750000    
   2.750000    
   2.750000    
   2.775710    
   2.504901    
   2.750000    
   2.750000    
   2.617953    
   2.750000    
   2.750000    
   2.750000    
   2.750000    
   2.561950    
   2.750000    
   2.591119    
   2.750000    
   2.750000    
   2.836221    
   2.965211    
   2.750000    
   2.609236    
   2.750000    
   2.869446    
   2.759138    
   2.917138    
   2.773341    
   2.924753    
   2.748025    
   2.750000    
   2.735680    
   2.694104    
   2.750000    
   2.918919    
   2.786247    
   2.750000    
   2.750000    
   2.750000    
   2.755678    
   2.898208    
   2.750000    
   2.750000    
   2.750000    
   2.750000    
   2.606894    
   2.563774    
   2.750000    
   2.750000    
   2.555152    
   2.829570    
   2.545971    
   2.660457    
   2.750000    
   2.826751    
   2.839765    
   2.746131    
   2.561784    
   2.832796    
   2.750000    
   2.766950    
   2.750000    
   2.750000    
   2.863828    
   2.722376    
   2.821451    
   2.793390    
   2.636189    
   2.920559    
   2.750000    
   2.980428    
   2.750000    
   2.895258    
   2.575630    
   2.750000    
   2.650546    
   2.579612    
   2.750000    
   2.679535    
   2.821240    
   2.750000    
   2.750000    
   2.526672    
   2.721254    
   2.750000    
   2.750000    
   2.611296    
   2.631676    
   2.750000    
   2.828780    
   2.986979    
   2.679860    
   2.750000    
   2.750000    
   2.750000    
   2.597905    
   2.686629    
   2.795504    
   2.650984    
   2.796573    
   2.750000    
   2.750000    
   2.750000    
   2.676505    
   2.528210    
   2.922718    
   2.750000    
   2.848620    
   2.750000    
   2.750000    
   2.750000    
   2.685567    
   2.750000    
   2.628106    
   2.630665    
   2.750000    
   2.750000    
   2.776994    
   2.750000    
   2.750000    
   2.791546    
   2.750000    
   2.750000    
   2.750000    
   2.827325    
   2.750000    
   2.846325    
   2.860152    
   2.865061    
   2.901601    
   2.710329    
   2.679875    
   2.750000    
   2.973713    
   2.750000    
   2.803396    
   2.790105    
   2.764490    
   2.550352    
   2.750000    
   2.750000    
   2.632362    
   2.588315    
   2.750000    
   2.706126    
   2.750000    
   2.852362    
   2.821446    
   2.750000    
   2.750000    
   2.750000    
   2.927543    
   2.750000    
   2.503383    
   2.750000    
   2.750000    
   2.750000    
   2.749695    
   2.651423    
   2.750000    
   2.645245    
   2.750000    
   2.674427    
   2.995447    
   2.536306    
   2.750000    
   2.676643    
   2.750000    
   2.750000    
   2.750000    
   2.841816    
   2.750000    
   2.589476    
   2.750000    
   2.884997    
   2.864884    
   2.669831    
   2.532705    
   2.750000    
   2.665058    
   2.868843    
   2.750000    
   2.750000    
   2.750000    
   2.862255    
   2.750000    
   2.652892    
   2.614099    
   2.750000    
   2.892304    
   2.559287    
   2.750000    
   2.524130    
   2.750000    
   2.730657    
   2.749513    
   2.750000    
   2.838158    
   2.761487    
   2.750000    
   2.750000    
   2.750000    
   2.551065    
   2.514789    
   2.987664    
   2.982370    
   2.750000    
   2.711855    
   2.750000    
   2.750000    
   2.914011    
   2.811604    
   2.705891    
   2.750000    
   2.750000    
   2.539827    
   2.750000    
   2.750000    
   2.750000    
   2.693187    
   2.731986    
   2.552289    
   2.750000    
   2.750000    
   2.750000    
   2.750000    
   2.550772    
   2.750000    
   2.750000    
   2.548473    
   2.750000    
   2.510626    
   2.750000    
   2.750000    
   2.750000    
   2.653976    
   2.750000    
   2.801936    
   2.929911    
   2.996482    
   2.750000    
   2.750000    
   2.597467    
   2.750000    
   2.750000    
   2.593736    
   2.740294    
   2.750000    
   2.652596    
   2.750000    
   2.750000    
   2.750000    
   2.999363    
   2.750000    
   2.750000    
   2.776298    
   2.750000    
   2.899858    
   2.750000    
   2.750000    
   2.811217    
   2.935556    
   2.908815    
   2.978837    
   2.750000    
   2.691224    
   2.750000    
   2.690489    
   2.750000    
   2.750000    
   2.588055    
   2.750000    
   2.750000    
   2.987087    
   2.750000    
   2.750000    
   2.752520    
   2.824101    
   2.828759    
   2.565208    
   2.750000    
   2.750000    
   2.789255    
   2.750000    
   2.750000    
   2.750000    
   2.750000    
   2.653641    
   2.750000    
   2.547649    
   2.591541    
   2.750000    
   2.750000    
   2.832781    
   2.750000    
   2.750000    
   2.946453    
   2.532423    
   2.910861    
   2.750000    
   2.750000    
   2.690032    
   2.833890    
   2.958292    
   2.750000    
   2.567310    
   2.511222    
   2.568614    
   2.608342    
   2.545748    
   2.750000    
   2.750000    
   2.606903    
   2.750000    
   2.719067    
   2.750000    
   2.750000    
   2.750000    
   2.645660    
   2.750000    
   2.793763    
   2.750000    
   2.577577    
   2.665863    
   2.750000    
   2.750000    
   2.750000    
   2.750000    
   2.960890    
   2.731833    
   2.938466    
   2.886647    
   2.796458    
   2.558122    
   2.958310    
   2.542458    
   2.750000    
   2.621313    
   2.750000    
   2.911034    
   2.750000    
   2.599865    
   2.750000    
   2.850367    
   2.750000    
   2.750000    
   2.730176    
   2.513933    
   2.839835    
   2.564708    
   2.813575    
   2.796674    
   2.750000    
   2.750000    
   2.858259    
   2.750000    
   2.750000    
   2.750000    
   2.730289    
   2.750000    
   2.618065    
   2.750000    
   2.629338    
   2.754055    
   2.828423    
   2.750000    
   2.986584    
   2.750000    
   2.942556    
   2.750000    
   2.750000    
   2.532830    
   2.750000    
   2.999512    
   2.750000    
   2.750000    
   2.919514    
   2.905725    
   2.750000    
   2.872439    
   2.514527    
   2.839522    
   2.923368    
   2.750000    
   2.750000    
   2.649503    
   2.527215    
   2.750000    
   2.981721    
   2.750000    
   2.750000    
   2.815457    
   2.786020    
   2.609092    
   2.750000    
   2.934317    
   2.750000    
   2.750000    
   2.678355    
   2.750000    
   2.750000    
   2.726346    
   2.750000    
   2.750000    
   2.750000    
   2.929626    
   2.750000    
   2.991983    
   2.750000    
   2.778752    
   2.620799    
   2.992225    
   2.975800    
   2.546017    
   2.851871    
   2.860982    
   2.750000    
   2.900913    
   2.750000    
   2.750000    
   2.750000    
   2.750000    
   2.768630    
   2.505667    
   2.942171    
   2.793534    
   2.594149    
   2.750000    
   2.555383    
   2.765300    
   2.527641    
   2.634267    
   2.750000    
   2.619905    
   2.750000    
   2.655078    
   2.558640    
   2.747019    
   2.853084    
   2.650502    
   2.534764    
   2.589885    
   2.773507    
   2.750000    
   2.750000    
   2.750000    
   2.750000    
   2.750000    
   2.835964    
   2.750000    
   2.826337    
   2.750000    
   2.750000    
   2.750000    
   2.750000    
   2.750000    
   2.750000    
   2.750000    
   2.625656    
   2.750000    
   2.935681    
   2.539804    
   2.762836    
   2.750000    
   2.726776    
   2.672302    
   2.750000    
   2.750000    
   2.750000    
   2.980377    
   2.639510    
   2.750000    
   2.916999    
   2.750000    
   2.553900    
   2.750000    
   2.988074    
   2.750000    
   2.750000    
   2.786996    
   2.750000    
   2.750000    
   2.750000    
   2.750000    
   2.717084    
   2.750000    
   2.750000    
   2.750000    
   2.750000    
   2.834583    
   2.835567    
   2.797295    
   2.750000    
   2.598957    
   2.750000    
   2.854290    
   2.942867    
   2.859491    
   2.750000    
   2.985161    
   2.750000    
   2.750000    
   2.801928    
   2.750000    
   2.750000    
   2.750000    
   2.559511    
   2.848699    
   2.802502    
   2.987771    
   2.750000    
   2.750000    
   2.750000    
   2.611474    
   2.911466    
   2.750000    
   2.750000    
   2.750000    
   2.750000    
   2.586692    
   2.750000    
   2.729033    
   2.563605    
   2.658416    
   2.750000    
   2.709725    
   2.976403    
   2.750000    
   2.704130    
   2.579299    
   2.602444    
   2.750000    
   2.750000    
   2.669108    
   2.658573    
   2.981302    
   2.584962    
   2.731752    
   2.750000    
   2.927419    
   2.930367    
   2.512545    
   2.992721    
   2.750000    
   2.750000    
   2.956737    
   2.879337    
   2.937285    
   2.750000    
   2.750000    
   2.750000    
   2.750000    
   2.750000    
   2.750000    
   2.750000    
   2.750000    
   2.802535    
   2.750000    
   2.750000    
   2.916243    
   2.750000    
   2.651427    
   2.750000    
   2.750000    
   2.750000    
   2.750000    
   2.762059    
   2.651308    
   2.750000    
   2.984516    
   2.558401    
   2.750000    
   2.901821    
   2.874153    
   2.870362    
   2.750000    
   2.955421    
   2.972375    
   2.969125    
   2.501383    
   2.750000    
   2.750000    
   2.549395    
   2.750000    
   2.911716    
   2.750000    
   2.854823    
   2.746953    
   2.750000    
   2.513354    
   2.833704    
   2.750000    
   2.990594    
   2.750000    
   2.750000    
   2.730880    
   2.750000    
   2.662814    
   2.899373    
   2.772366    
   2.572654    
   2.629366    
   2.668624    
   2.750000    
   2.606390    
   2.769249    
   2.750000    
   2.735860    
   2.750000    
   2.860902    
   2.665083    
   2.600534    
   2.750000    
   2.750000    
   2.837610    
   2.913654    
   2.750000    
   2.750000    
   2.750000    
   2.750000    
   2.750000    
   2.750000    
   2.750000    
   2.750000    
   2.853440    
   2.750000    
   2.844463    
   2.750000    
   2.897406    
   2.921920    
   2.750000    
   2.817500    
   2.889706    
   2.750000    
   2.750000    
   2.750000    
   2.750000    
   2.566363    
   2.750000    
   2.750000    
   2.795585    
   2.750000    
   2.935838    
   2.750000    
   2.750000    
   2.763498    
   2.750000    
   2.565981    
   2.776503    
   2.750000    
   2.904581    
   2.511223    
   2.641511    
   2.523934    
   2.599388    
   2.750000    
   2.936752    
   2.506882    
   2.870345    
   2.845325    
   2.751790    
   2.750000    
   2.595308    
   2.750000    
   2.949411    
   2.842879    
   2.785794    
   2.750000    
   2.569855    
   2.750000    
   2.750000    
   2.750000    
   2.750000    
   2.750000    
   2.750000    
   2.750000    
   2.750000    
   2.750000    
   2.750000    
   2.750000    
   2.750000    
   2.666113    
   2.772202    
   2.750000    
   2.750000    
   2.912922    
   2.618466    
   2.827661    
   2.682790    
   2.622815    
   2.750000    
   2.970476    
   2.810389    
   2.764321    
   2.899779    
   2.806457    
   2.750000    
   2.750000    
   2.815936    
   2.890232    
   2.750000    
   2.700144    
   2.750000    
   2.750000    
   2.750000    
   2.750000    
   2.750000    
   2.750000    
