Reference anisotropic image
1
Value
  7.7735
  7.4950
  2.6493
  2.3379
  2.3453
  2.8176
  2.9692
  7.9151
  2.4666
  2.0620
 10.0446
 11.3670
 12.9259
  9.6332
 10.2523
  2.6366
 19.8967
 12.1808
 22.4502
  7.0676
  9.4607
 10.2293
 15.2335
  1.4778
  2.9647
 11.7259
  1.8774
  1.3507
  1.6533
  2.1106
  2.8795
 15.0449
  2.9966
  2.9376
  2.6989
  5.1262
  7.7319
  4.6513
 10.1831
  4.1555
  7.3095
  4.9963
  4.5455
  1.8220
  1.7743
  1.2222
  5.2411
  5.1491
  5.8596
  5.7456
  5.0360
  0.3826
  0.4398
  0.9213
  0.6088
  0.6614
  0.6206
  0.2471
  0.0513
  0.3828
  0.2128
  0.1768
  0.6542
  0.6094
  2.2644
  2.7116
  6.2574
  6.1730
  6.9099
  1.8708
  1.3508
  0.3736
  0.9149
  0.1444
  1.3238
  1.3251
  1.3501
  1.3881
  1.7437
  1.6703
  1.6038
  1.9535
  2.8576
  2.7793
  2.3373
  1.9066
  2.1103
  1.3151
  1.0554
  1.4286
  1.6811
  1.3143
 11.3339
  9.9495
  1.9020
  7.6363
  7.4370
  7.9325
  1.2125
  1.7216
  7.0146
  7.6465
  7.2701
  1.9845
  2.2658
  2.6723
  7.9605
  7.2843
  2.4338
 11.8109
  9.1377
  9.6721
 12.1633
 20.9373
 12.4886
 10.6753
 12.2606
 25.5428
 13.4424
  9.0974
  1.4155
  9.3491
 10.1015
  1.5168
  1.9600
  1.4096
 11.8034
  2.9165
  2.8257
  2.1583
  2.8056
  2.4665
  9.7306
  7.6366
  2.4038
  2.6351
  7.5311
  7.8546
  7.1468
  9.0880
  4.4351
  7.5823
  1.6546
  1.7699
  1.6250
  1.1797
  1.8970
  1.2305
  0.8750
  7.9586
  5.1392
  0.7342
  0.6790
 13.1346
  0.7655
  0.8075
  0.2181
  0.0242
  0.5901
  0.9523
  0.3808
  0.9124
  0.4921
  0.1391
  0.9249
  2.3436
  0.9770
  0.4848
  6.4765
  0.3348
  0.6987
  0.0951
  1.3958
  1.0643
  0.4504
  3.4393
  1.2034
  1.5408
  1.9354
  1.4734
  1.4685
  1.3768
  1.0079
  1.0659
  2.7144
  2.5244
  1.5045
  4.4291
  1.9553
  1.1195
  1.1234
  1.5849
  1.4310
 16.4106
 14.0016
  1.5232
  7.0926
  7.1040
  7.4528
  7.0211
  0.9311
  7.3460
  7.4060
  7.5446
  1.0639
  2.2544
  2.9930
  2.1276
 11.7652
  2.9833
 11.8700
  9.9825
 14.2904
 11.6031
 12.4948
 16.7129
  2.5713
 13.6156
 12.2176
  9.0328
  1.3398
 11.3848
  9.8604
 12.8419
  1.4974
  2.0661
  2.2801
  2.8025
  2.9100
  1.6504
  1.5102
  2.4687
  2.8027
  9.9348
  2.3381
  2.2459
  7.9872
  7.2058
  7.0497
  9.7520
  7.3735
  4.3492
  7.3647
  4.8876
  1.7521
  4.6797
  1.2335
  1.4209
  5.9325
  5.2273
  0.5776
  5.5091
  0.6756
  0.1840
  0.1397
  0.6472
  0.6232
  0.3033
  0.3151
  0.4110
  0.9285
  0.2035
  0.2432
  0.9250
  0.2131
  0.5926
  2.1457
  0.7843
  0.9251
  8.1836
  8.1102
  0.0350
  1.5095
  0.0709
  1.6686
  0.7750
  1.6916
  1.5890
  1.0679
  1.2102
  1.0732
  1.9749
  1.3628
  1.1203
  2.6803
  2.6801
  1.8174
  2.1424
  1.3110
  1.3980
  1.0122
  1.8758
  1.9934
  1.8585
  1.4103
  1.1301
  7.7346
  1.8415
  7.1734
  7.5949
  7.2945
  7.2606
  7.2042
  7.9654
  7.8732
  2.0859
  2.5105
  2.8626
  7.8228
  2.5500
 10.4397
  2.3591
  9.4228
 17.2659
  9.5603
 13.7301
  3.3420
 12.5998
  9.6207
  9.7380
 11.9678
 12.9533
  1.4436
 20.1762
  3.3796
  9.2633
 15.1789
 20.7012
  2.2269
  2.5057
  2.1369
  4.0576
  2.8724
  2.8731
  2.6343
  2.4133
  2.7293
  7.0606
  7.6272
  7.2806
 10.4429
  4.6143
  7.3459
  4.5280
  1.6018
  1.9970
  1.9676
  1.0267
  0.5642
  5.9445
  5.1294
  7.0394
  5.0705
  0.4209
  0.8282
  0.1844
  0.4547
  0.0592
  0.8543
  0.0476
  0.5395
  0.2532
  0.8215
  0.0451
  0.5302
  0.1944
  0.2765
  2.4279
  2.7520
  6.9182
  0.3711
  6.6465
  0.6052
  1.8726
  1.2985
  0.8388
  0.7457
  1.4338
  1.5808
  1.2557
  1.7739
  1.0063
  1.5196
  1.1550
  1.6424
  2.8466
  2.9702
  1.8843
  3.7352
  1.1180
  1.8171
  1.9361
  1.8572
  1.7220
  1.6083
  1.3074
 15.2127
  7.4522
  1.3413
  7.6825
  7.3493
  7.8705
  7.0034
  1.2398
  7.6496
  7.0158
  7.7632
  2.5396
  7.8146
  7.6513
  2.3166
  2.7406
  2.5215
  2.5078
  9.1598
 11.6616
 14.1233
  9.6579
  9.8093
 10.7288
  9.4432
 21.7563
  9.8110
  9.0670
  9.8107
 11.4379
  3.4849
  3.9174
  2.1055
  2.2371
  2.9407
  2.8290
  2.8861
  2.0160
  2.9380
  2.2510
 13.5105
  7.1100
  7.2897
  7.4354
  7.1764
  7.6616
  4.1442
  7.7868
  7.0754
  7.4169
  1.2586
  1.3613
  1.0715
  0.7309
  7.8950
  7.1368
  5.4271
  5.2527
  0.0234
  0.1454
  0.7593
  0.9042
  0.2492
  0.2168
  0.1283
  0.2122
  0.1243
  0.4756
  0.8214
  2.1504
  0.5290
  0.0724
  2.7953
  2.0733
  0.8736
  0.9251
  6.4509
  6.9032
  1.0606
  0.3504
  0.6657
  0.9308
  0.7076
  1.6979
  1.9144
  1.5507
  1.5498
  1.8805
  1.2422
  1.5051
  1.7287
  1.4509
  1.2293
  1.9349
  1.8326
  1.7132
  5.9198
  1.9175
  1.3986
  1.0966
  1.8394
 10.0000
  1.3109
  7.9269
  8.4263
  7.9978
  7.4857
  7.1981
  1.4097
  7.9605
  7.2644
  7.2695
  7.6324
  9.1544
  7.2054
 10.9579
  2.6294
 16.5329
  9.3836
  9.7700
 12.4598
 25.7458
  2.9764
 24.6136
 17.0161
  9.7349
  9.0681
 20.4079
 10.2680
  9.4940
  3.4944
 12.8086
 17.7370
  7.7145
  2.0170
  2.7856
  2.6585
  2.2081
  2.2740
  2.2963
  7.7536
  2.5727
  7.1927
  7.8657
  7.9048
  7.5211
  0.9863
  0.0558
  7.7806
  7.9681
  1.2072
  1.6198
  5.6880
  1.0502
  5.1177
  7.3786
  5.9094
  0.6839
  0.3135
  0.7866
 10.2798
 10.6775
  0.8921
  0.9562
  0.9866
  0.3230
  0.1239
  0.8449
  0.1901
  0.3788
  2.4853
  0.5226
  0.8625
  2.8024
  2.9157
  0.1980
  6.8877
  0.2216
  8.4166
  8.2229
  1.9396
  4.6895
  0.2569
  1.5233
  1.1329
  1.4704
  4.5566
  1.2247
  1.6739
  1.8602
  1.9739
  1.6749
  1.8661
  1.4843
  1.3774
  1.8926
  1.5564
  5.8020
  1.6954
  1.2944
  1.6202
 15.6110
  1.4249
  7.8127
  8.9061
  8.6859
  8.0187
  7.8086
  1.7481
  7.7083
  7.9480
  7.6544
  2.8883
  2.5303
 13.3602
  7.2613
  2.5432
  2.1518
  2.3702
  9.3655
 10.2410
 14.0939
 18.8429
 12.0572
  9.7190
  9.8847
  9.4943
 11.2775
  9.0045
  9.8252
  9.1673
 10.0694
  9.5795
  2.1154
  2.9170
  2.2179
  2.1088
  2.9801
  2.0251
  2.3022
  2.8773
  7.5013
  7.2392
  2.5460
  7.8768
  7.5750
  5.5914
 10.1274
  7.4585
  5.2711
  4.1264
  1.3434
  7.4062
  5.2834
  5.5078
  5.6885
  7.0058
  7.4944
  7.8735
  0.9610
 10.9873
  0.9764
 13.4566
 30.0000
  0.9109
  0.3772
  0.1898
  0.3480
  0.1385
  0.8375
  2.4864
  2.8745
  2.1090
  2.2964
  0.8570
  0.2191
  0.5818
  6.3332
  8.1251
  8.7843
  8.7687
  1.5557
  1.2303
  0.0725
  1.9742
  1.3481
  1.1373
  1.2361
  1.0307
  1.0941
  1.2403
  1.0062
  1.6190
  1.4681
  1.8279
  1.0894
  1.0232
  1.7073
  5.4330
  1.3836
  1.0041
  1.0177
  1.0881
  7.4297
  8.4522
  8.1236
  8.5380
  7.1880
  1.2338
  7.7074
  1.8180
  7.1215
  7.8884
  1.9957
  2.3124
  7.7123
  7.7254
  2.7270
  9.7740
 13.4067
 11.0674
 19.8919
 16.1917
 13.7208
 12.8718
 10.3970
 12.4529
 12.0514
 13.1659
 10.6767
 12.4570
  9.5769
  9.7738
  2.5509
  2.6681
  2.2472
  2.1593
  2.5896
  1.8288
  2.6307
  2.4935
  2.5854
  2.8348
  7.3296
  2.0755
  7.5719
  7.4951
  7.3985
  7.7970
 16.7973
  4.6403
  7.7884
  7.2337
  5.0797
  1.9956
  1.0128
  0.4143
  5.3545
  7.9035
  7.5703
  0.1641
 10.4609
  9.5268
  0.0981
  0.7420
  0.3836
  0.9270
  0.6193
  0.5078
  0.7568
  0.7477
  0.5195
  2.9401
  0.1501
  0.2874
  2.9770
  0.7602
  2.8613
  0.0200
  6.3452
  0.5302
  1.6734
  1.0878
  0.2587
  1.5296
  0.2543
  1.2443
  1.3668
  4.4140
  1.9922
  1.5790
  1.5944
  1.9703
  1.2776
  1.9378
  1.3428
  1.0875
  1.2532
  1.7920
  1.4502
  1.1314
  1.8556
  1.2740
  1.7216
  8.2782
  8.1596
  1.6054
  8.2559
  7.4537
  7.9213
  7.8561
  1.8156
  1.6670
 14.8855
  1.3206
  7.6220
 12.7091
  9.1866
 15.0367
 11.1303
 11.7062
  9.7508
 13.4403
 16.9384
  9.5062
 13.4842
 13.7372
  9.2514
 12.9848
 10.4725
 17.7458
 27.2612
 10.7680
 30.0000
 10.1614
  2.3313
  2.8422
  6.1269
  2.7474
  2.3180
  2.8780
  2.5730
  2.2879
  2.5612
  7.7192
  7.0018
  7.5183
  7.4670
  7.1827
  7.3286
  7.2215
  7.7151
  7.7827
  7.4890
  1.5415
  5.6995
  5.9432
  5.5423
  5.7452
  5.4809
  5.4447
  0.2243
  0.6175
  0.6723
 14.4583
  0.9536
  0.9183
  0.1919
  0.4186
  0.6538
  0.1105
  0.0386
  0.6854
  0.5948
  2.2147
  2.8865
  2.6279
  2.7929
  0.5790
  0.9336
  6.6607
  1.2583
  1.6800
  1.9570
  7.4110
  1.1023
  1.2582
  1.7492
  1.5760
  1.0187
  1.2313
  1.8902
  1.0635
  1.9993
  1.0671
  1.1792
  2.5529
  1.5387
  1.1824
  1.8210
  1.8828
  1.6368
  1.2051
  1.7955
  6.0016
  3.5231
  1.2093
  3.6486
  7.3166
  3.5860
  7.1372
  7.6431
  1.1146
  7.0088
 11.0089
  2.6528
 13.8158
  2.9150
  9.6202
 30.0000
 14.5625
 13.2880
 10.6719
 11.0867
 13.5861
  9.7517
 11.4467
 15.1639
  9.0356
  9.3970
 10.1825
 11.1698
 10.9301
  9.0560
 20.4978
  9.1855
 12.4296
  2.1628
  2.1452
  2.9696
  2.1983
  2.0117
  2.5763
  7.6084
  3.3048
  7.4118
  2.5416
  7.9013
  7.5003
  7.0069
  7.1792
  4.0820
  9.0342
  7.4808
  7.8887
  1.8405
  1.4516
  5.5438
  9.7189
  5.2595
  5.7444
  5.3247
  9.9195
  0.4479
  9.7826
 10.4307
  0.1253
  0.4298
  9.0299
  0.4483
  0.3473
  0.0832
  0.1392
  0.8530
  0.6171
  2.7418
  2.8882
  3.1412
  2.9158
  0.7015
  6.2937
  6.8565
  8.5826
  1.9695
  1.3192
  1.1549
  1.2583
  1.6787
  1.1455
  1.8469
  1.6306
  1.6649
  1.8898
  1.2015
  1.3578
  1.1211
  1.3530
  1.9574
  1.4981
  1.8805
  1.6817
  1.9311
  1.9116
  1.5331
  2.1580
  8.1294
  2.5221
  8.2552
  3.6449
  3.4050
  3.2817
  3.9353
  1.7642
  7.4626
 11.1123
 18.9482
 27.6187
  9.4514
  9.9834
 15.3174
  9.5103
 11.4521
 10.8491
  9.5499
 22.8899
 13.3586
 12.3551
 20.4095
  9.9043
 10.2355
  4.1369
  9.9080
  9.3297
  9.1449
 16.4149
 16.0085
  9.2059
  2.6448
  2.8820
  2.5268
  2.5969
  2.6432
  2.8621
  7.6688
  1.1834
  7.6183
  7.2516
  7.1269
  7.1354
 13.5118
 10.7244
  0.4166
 12.2241
 19.3161
  9.4545
  7.6708
  7.6508
  1.9512
  5.2905
  5.3718
  5.1298
  5.4856
  5.1880
  0.4189
  0.0438
  0.7805
  0.6148
  0.2182
  0.0419
  0.9812
 10.5651
  0.5795
  0.6382
  0.9200
  0.4057
  0.7346
  2.3301
  2.7899
  2.3050
  2.5014
  0.5531
  0.6663
  6.6985
  0.1038
  1.0138
  1.7083
  1.1294
  1.1176
  0.5492
  1.3793
  1.6324
  1.1738
  1.7352
  1.7837
  1.3696
  1.9426
  1.3405
  1.1786
  2.0650
  1.8930
  1.7633
  1.5443
  1.4549
  1.1927
  6.2270
  2.3986
  8.5186
  8.2121
  2.2667
  3.4221
  1.9066
  7.4191
  7.7401
  7.0067
  1.6950
  7.8596
 14.6378
  9.8014
 13.5905
  9.0229
  9.6103
 10.9758
 12.4877
 10.0708
 30.0000
 11.8893
 10.8250
 15.6681
 16.7510
  9.8118
 11.4704
 13.4177
 14.5510
  9.5719
  9.6213
 13.1996
 14.0021
  2.0444
 10.5272
  2.0545
  2.1267
  2.0888
  2.7243
  2.4367
  2.2382
  7.3323
  2.6298
  2.9443
  7.2265
  7.3726
  7.3227
  7.7814
  7.8547
  7.3098
  7.2307
  7.7732
  7.2696
  7.4738
  7.9291
  5.8836
  5.7949
  5.6413
  5.2672
  9.5446
 16.8196
  0.2339
  0.0143
 12.1047
 10.5918
  0.3609
 18.9888
  0.7446
  0.9922
  0.8239
  0.8109
  0.3889
  0.7739
  2.5309
  3.4125
  3.3932
  1.3381
  0.6205
  0.9908
  6.7454
  6.1877
  1.2087
  1.3603
  1.0944
  1.8786
  1.1073
  1.0694
  1.7859
  1.5146
  1.8295
  1.3858
  1.5333
  1.3521
  1.5114
  2.1308
  1.3822
  1.8145
  1.7252
  1.0308
  1.9458
  2.8384
  6.0688
  8.3263
  8.8815
  3.1899
  8.8928
  3.2274
  3.3061
  7.4536
  7.2056
  1.0578
  7.5378
 10.8721
  1.2367
 30.0000
 20.7186
 11.1191
 13.7795
 15.6272
  9.6365
 15.0843
  9.6448
 20.0445
  9.6251
 12.0421
 21.9139
 15.8912
 10.7890
  4.9570
 11.5976
 14.5939
 18.1569
  9.4362
 10.3286
  0.4310
 10.7389
  2.3600
  2.6279
  2.9596
  2.9779
  2.4324
  2.5586
  2.8230
  7.5906
  7.0869
  7.1587
  7.5883
  7.9357
  7.9642
  7.8405
  7.2993
  7.1591
 12.4059
  7.0003
  7.6341
  7.7414
  9.1918
  5.1613
  5.5704
  5.1682
  7.5115
 11.9215
  0.3284
  0.8197
  0.9333
  0.5639
 13.9443
  0.5812
  0.9198
  0.2353
  0.5112
  0.0014
  0.8336
  2.4907
  2.5562
  2.7453
  2.7027
  2.4765
  2.3837
  6.5067
  0.8761
  1.1162
  1.8298
  1.3045
  1.5208
  0.7012
  1.6386
  6.2350
  1.1133
  4.7478
  1.6478
  1.7743
  1.1369
  1.8737
  1.6693
  2.1829
  2.0753
  1.5526
  1.6272
  1.3218
  2.9221
  6.8435
  8.6014
  2.5240
  2.7762
  2.7549
  8.0560
  3.9396
  3.4435
  7.7670
  7.7740
  7.7502
  1.0200
  1.5666
 10.1404
 10.2833
 13.3496
 14.6908
 15.6112
 10.9108
 10.2194
 13.4115
 12.4944
 10.1588
 11.2593
 16.8193
  1.5402
  1.8729
 18.8157
  9.6811
  9.0633
 15.1006
 11.0175
 10.4989
  9.8841
  9.3512
 11.9143
  2.2849
  2.1850
  2.4345
  2.1118
  2.8898
  2.0958
  2.2405
  2.6402
  3.3531
  7.5326
  7.4638
  0.8006
  7.4235
  0.4034
 10.1406
 22.1891
 12.4908
  7.5076
  5.5982
  5.7378
 11.5077
  5.9890
 13.3991
  5.1739
 13.7350
 10.9638
  0.2017
  0.3594
  0.8943
 10.5092
  0.8767
  0.4002
  0.7197
  0.7099
  0.9649
  0.8561
  3.3495
  0.8428
  2.2373
  3.7555
  2.7852
  2.4335
  0.4730
  0.1775
  6.2417
  0.2674
  1.8281
  0.3699
  1.7289
  1.4964
  1.0473
  6.5273
  1.7770
  1.9020
  1.4604
  1.7354
  1.8039
  1.0491
 21.1870
  1.3382
  1.4353
  1.4317
  1.3636
  2.7156
  2.9543
  8.6056
  8.8799
  8.6896
  8.7706
  3.9371
  3.6880
  3.6523
  1.3161
  1.6624
  7.0987
  7.6001
  7.7936
  7.4161
 11.1805
  1.4136
  1.7491
 12.0097
 12.2594
  9.7518
 19.5401
 10.0717
 11.5938
  9.0361
 15.8908
 13.0160
 10.3466
  9.8024
 14.0879
  9.7410
 15.9539
 12.4035
 13.6626
 12.5984
 12.0883
  9.5437
  2.9672
  2.6407
  2.2245
  2.1639
  2.4917
  2.2719
  2.7034
  2.6752
  7.7897
  7.4305
  7.1737
  2.2531
  7.6448
  0.7766
  7.0054
 10.9795
  7.7007
  7.8689
  7.5384
  7.2947
  5.0452
  5.8119
  8.1748
  5.9152
  9.8071
  9.1600
  5.9026
  0.7056
  0.5794
  0.4847
 30.0000
  9.9663
  0.8068
  0.9826
  0.3829
  3.7345
  3.4402
  3.8548
  0.3147
  2.5382
  2.1850
  2.0859
  0.7777
  2.3923
  0.6955
  0.7895
  1.0592
  1.9090
  0.5322
  0.7458
  1.8721
  1.2525
  1.2302
  1.5490
  1.6174
  1.5083
  1.0914
  1.4215
  1.2486
  1.1051
  2.5748
  2.2578
  1.6576
  2.7910
  8.3620
  2.9001
  6.9990
  2.5295
  3.3055
  3.5059
  2.6373
  2.6872
  3.4741
  1.3242
  1.3781
  7.2309
  1.1827
  1.7726
 22.3470
  1.4208
  9.2130
  1.7895
 10.7371
 11.0724
  9.3797
 17.8501
 18.5703
 13.3386
 10.6900
 11.0844
 15.0735
  1.7136
 19.0636
  4.8574
  9.7013
  9.7388
 11.5813
 11.4213
 12.9513
 11.8873
  2.0086
  2.2520
  2.6927
  2.3315
  2.9224
  2.7125
  2.1848
  2.8931
  2.2432
  2.3260
  2.0826
  7.0458
  7.3217
  7.2909
 10.8997
  7.4791
  7.3413
  7.2136
  7.9410
  7.5300
  5.7188
  5.6164
 10.1900
 10.7551
  5.6229
  5.3775
 12.1835
 14.6333
 14.5667
  0.8167
  1.1357
  1.8451
  0.3682
  0.6532
  0.6680
  0.0898
  0.2018
  3.2538
  0.5120
  3.0987
  3.1689
  2.1445
  2.9441
  2.4298
  0.3168
  0.6423
  0.0004
  0.9257
  1.7712
  0.0949
  0.4453
  1.1747
  1.3794
  6.5723
  4.7144
  1.6760
  1.8956
  1.9443
  1.2050
  1.5433
  1.5830
  2.1426
  1.4669
  2.6659
  2.7193
  2.0867
  8.6226
  8.6471
  3.7101
  3.7753
  2.5620
  8.9499
  2.6952
  2.3031
  1.6225
  1.3886
  7.7195
  7.7955
  7.2847
  1.3605
  1.6616
  1.6825
 12.4929
  1.9372
 11.5594
 10.9749
 25.1729
  6.6691
  9.5573
  9.0126
 12.3465
 11.8187
 20.9129
  1.5282
  4.7503
 11.7891
  9.1478
 11.2781
  1.4883
 13.7631
  2.8154
  2.2360
  9.4383
  2.2568
  2.7218
  2.2886
  2.1513
  2.6664
  7.3294
  7.2790
  2.7117
  7.7556
  2.4841
  7.8657
  7.5465
  9.0188
  9.7901
 16.8434
  7.3522
  7.8829
  5.6190
  4.6688
  5.0261
  5.7684
  5.9467
 20.6640
  7.2915
  5.1330
 26.1913
 19.7015
  0.8516
  8.4361
  1.4204
  0.1287
  0.9524
  7.3751
  0.8194
  0.7092
  0.6728
  3.3470
  3.2577
  2.9967
  2.1859
  2.2901
  2.8164
  0.1052
  2.8404
  1.7680
  1.6302
  1.8786
  0.7001
  0.3217
  6.1873
  1.9828
  0.2293
  0.9869
  1.5473
  1.7930
  1.8712
  1.9190
  1.6648
  1.1058
  2.4526
  2.2183
  2.8409
  2.7737
  8.9723
  2.2469
  2.1218
  2.2553
  3.6378
  2.6094
  2.3976
  2.9852
  3.4167
  1.5531
  1.1331
  7.7044
  1.8659
 11.3053
  1.3550
 13.1266
 30.0000
 10.1572
  9.8803
 13.4624
 18.6470
 10.6072
 20.6712
  6.0314
  9.9170
 11.7129
 21.5559
  9.8429
 12.4509
 13.3315
  9.1281
 20.3764
 23.9222
  1.4650
  2.2548
  2.0844
  2.5843
  2.3156
  2.0866
  2.8744
  2.0921
  2.8848
  2.8111
  7.7504
  2.8199
  2.6653
  2.4008
  2.3962
  7.0388
  2.5408
 13.6011
  7.4363
  7.5464
 12.5418
  9.1372
  5.6789
  5.9320
  5.9414
  1.0623
  5.7782
 10.2155
 12.5132
 24.5416
 11.3168
  0.7248
  0.3546
  1.2423
  1.7085
  0.5964
  0.8032
  2.0535
  0.4700
  3.6871
  3.3230
  3.7395
  3.3474
  3.6992
  2.5500
  2.3394
  2.1364
  2.8051
  0.8758
  0.0505
  1.3597
  1.2473
  6.7148
  6.4541
  0.0886
  1.9899
  1.8939
  1.2844
  1.1340
  1.9543
  1.5135
  1.6082
  1.0351
  1.1058
  2.8395
  8.0860
  2.8303
  2.5415
  2.7200
  2.2777
  2.8505
  2.4443
  3.1962
  2.2188
  2.3624
  3.5253
  3.9258
  1.3082
  7.5942
  7.2925
  7.1927
  1.7140
  1.4744
  1.7168
 21.6180
 10.1597
 15.9285
  0.3050
 11.2544
 12.9089
 10.3299
  9.5896
 23.7088
 14.9753
  9.6867
  1.9310
  2.1430
  9.4246
 15.7053
  6.7571
 15.4750
 11.6451
  1.0592
  2.4088
  2.4612
  2.3360
  2.1427
  2.0696
  2.1540
  2.4317
  2.7567
  2.7669
  7.3066
  2.3379
  2.0833
  2.4932
  7.1828
  7.9977
  7.8799
  9.1935
  7.5950
  7.0027
  7.8314
  7.5239
  5.2102
  5.7765
  5.5365
  9.2028
 13.2450
  5.8473
 14.1053
  0.9493
 11.7119
  1.7313
  0.7655
  1.2555
  0.5505
  3.9991
  0.7190
  1.0932
  0.3715
  3.5202
  3.4668
  3.8104
  3.2951
  3.2311
  2.6212
  2.5188
  2.2469
  3.5341
  0.1728
  1.7469
  1.3650
  1.2877
  1.6296
  1.2649
  1.1361
  1.2923
  1.4173
  1.0786
  1.3659
  0.4093
  1.7902
  1.2978
  2.5634
  2.9755
  2.7764
  2.5711
  2.8442
  2.4760
  2.1703
  8.9488
  3.8821
  3.9851
  3.3298
  8.8760
  8.5833
  8.6548
  7.6560
  7.6524
  7.6628
  1.2050
  1.6664
  1.6885
 10.1399
  9.5737
 20.3714
  1.8102
  9.2797
  9.6419
 16.2820
 17.3507
  6.6881
 18.1855
 12.1905
 12.8360
  2.6390
  1.9156
  4.6958
 15.2963
  6.8696
 10.9092
  6.0989
  2.9188
  1.4587
  2.2993
  2.4886
  2.8889
  2.0654
  2.8784
  2.6546
  2.8154
  7.4766
  1.9766
  7.8277
  2.2179
  2.6568
  7.8821
  7.6197
  7.2476
  9.1019
  7.5882
  7.9518
  7.5538
  7.9802
  5.7141
  5.0092
  9.6455
 11.2559
 12.1419
 24.8095
 18.1625
 13.8649
 13.7956
  0.6793
  1.5907
  0.4122
  0.0448
  0.3179
  0.5885
  3.5581
  2.9578
  2.0875
  3.7234
  3.6305
  3.6922
  3.5419
  3.7242
  2.0389
  3.0733
  3.8739
  6.7488
  1.6385
  1.1621
  1.3510
  1.1400
  1.3980
  1.8739
  1.5046
  1.4296
  1.9974
  1.7704
  1.7074
  1.4482
  2.9097
  2.7674
  2.7466
  2.3577
  2.4881
  2.1266
  2.9833
  2.8289
  1.4175
  8.2799
  3.9632
  8.6111
  2.5174
  3.6988
  8.5699
  1.8429
  7.0565
  7.9862
  1.6291
  1.8903
  1.1020
  1.6185
  9.2439
 11.0904
 12.9958
  1.5155
  4.5576
 18.8552
 13.9412
  6.7170
  9.0036
 11.9333
  2.2527
  2.2959
 11.9409
  9.4508
 15.5501
  6.6999
  6.6694
  6.9790
  1.0670
  2.2567
  2.9160
  2.2863
  2.3526
  2.8574
  2.1125
  7.2555
  2.0709
  7.7334
  7.6695
  7.2056
  2.5806
  7.5148
  7.1332
  7.3880
  2.9056
  2.3844
  7.1154
 28.4763
  7.0479
  5.7039
  5.1636
  5.9890
  9.4347
  5.1219
  5.8606
 19.0972
  0.6896
  0.3805
  0.6195
 14.1000
  1.0100
  0.6522
  0.0523
  0.2213
  2.7084
  2.2145
  2.2343
  0.7880
  3.1302
  3.8631
  3.6944
  3.0231
  3.8296
  2.9205
  2.2320
  6.3355
  3.8141
  1.4859
  1.2541
  1.2220
  6.6625
  6.8600
  1.8571
  1.4522
  0.4093
  1.3313
  1.2223
  1.8191
  2.2601
  8.4298
  2.5225
  8.5276
  2.3198
  2.4789
  2.9806
  8.3133
  2.3602
  2.9898
  8.8092
  8.6868
  8.0103
  3.3038
  2.3554
  8.6679
  7.4309
  7.5052
  7.8077
  7.9446
  1.9387
  1.1668
  1.3228
  1.6662
  1.2329
  9.1447
 30.0000
 14.7163
 17.0101
 11.3070
  6.3231
  6.8930
 30.0000
  9.3978
  2.2561
  1.2680
  6.7092
 12.7522
  6.4875
  6.1476
  2.2396
  1.5014
  2.8456
  2.6335
  2.4376
  2.8856
  2.5691
  2.6878
  7.0218
  2.3749
 11.4765
  7.1647
  2.2496
  2.1249
  2.6999
  7.6274
  7.5974
  7.1613
  7.1954
  7.1629
 12.8597
  2.1060
  1.6455
  5.6383
  5.5617
 10.1136
 10.1886
  9.3770
 30.0000
 12.5216
  1.2244
  0.9052
  0.8990
  1.7050
  0.2272
  2.9782
  2.1623
  0.1510
  1.2962
  0.3638
  3.0366
  3.2724
  3.5479
  3.3465
  3.8977
  3.5334
  0.8857
  0.0792
  6.5538
  6.5186
  1.9550
  1.0976
  6.3716
  3.4586
  6.3364
  1.1976
  1.4178
  1.4300
  0.6191
  1.1935
  1.0349
  1.5400
  8.3593
  8.8311
  2.7002
  8.6341
  2.0964
  8.0882
  8.9133
  8.1831
  8.6127
  2.0689
  8.1530
  2.4036
  3.3766
  8.3519
  8.2830
  1.9153
  7.2168
  7.9445
  7.8866
  1.4762
  9.0016
 13.9637
 22.5558
 13.2711
  9.7371
  9.2749
 18.0845
  2.0422
 24.9406
  9.4660
  6.8035
  9.2800
 11.7928
  2.3941
 11.2735
  6.7426
 12.7119
  6.8315
  6.3378
  2.2762
  2.6476
  1.1170
  2.0707
  2.9936
  2.5057
  2.0677
  7.8763
  7.5164
  7.4125
  2.7173
  7.5902
  2.4668
  2.2356
 14.6251
  7.5911
  2.1079
  7.2378
  7.5453
 14.5826
  9.0030
  9.2734
  5.8858
  1.7487
  5.8235
  9.6241
  9.5949
  5.2980
  9.7767
 15.3907
  9.2474
  0.8487
  0.3720
  1.5441
  3.7983
  3.6222
  2.2368
  0.9559
  2.2232
  0.3163
  3.9253
  3.1947
  3.6848
  3.4568
  3.2757
  3.2797
  3.5638
  2.6573
  6.0025
  0.6070
  3.4765
  1.7943
  3.3732
  3.9718
  6.2478
  1.0279
  1.2516
  0.2198
  0.2064
  1.4652
  1.2011
  1.9230
  8.0013
  8.7626
  2.9864
  2.1120
  8.1169
  8.8705
  2.6812
  8.6908
  8.7299
  2.0008
  8.6565
  8.9524
  3.3153
  8.2932
  8.6177
  7.5417
  7.2377
  7.0090
  7.6234
  1.6656
  1.2543
 10.4386
  1.3986
 14.3554
 10.4269
  9.7154
  3.3552
 10.4815
  9.5515
  6.7685
 18.8803
  6.6554
  6.9272
 16.7470
  6.4942
 11.9151
  9.9707
 11.2406
 13.9803
  2.5526
  6.2796
  1.5363
  1.6638
  2.9642
  2.2196
  2.2541
  2.6024
  2.9563
  2.4883
 13.4708
  2.8539
  2.1215
  2.6451
  2.6667
  2.7723
  7.6408
  2.5493
  7.9914
  7.1140
  9.4650
 11.6458
  5.6320
  5.1177
 10.5248
 10.5486
  5.8178
  5.5704
  1.6241
  0.9795
 16.9361
  0.4308
  0.5557
  0.3498
  0.6247
  2.4638
  3.3219
  2.7178
  2.7822
  5.1986
  3.9185
  2.2222
  2.8769
  3.8442
  3.5048
  3.9793
  6.7926
  3.2843
  3.0675
  6.6405
  1.7380
  1.5682
  3.3476
  3.5067
  1.0346
  0.0842
  1.0501
  1.5444
  8.8953
  8.4411
  2.3333
  2.2907
  2.1370
  2.1921
  8.8430
  2.5174
  2.6957
  8.7497
  8.8899
  8.0855
  8.7545
  8.0526
  3.9078
  2.4501
  2.8533
  8.1523
  7.5588
  8.9706
  7.4803
  7.8293
  1.4943
  7.6587
 30.0000
 10.1280
  1.1672
 13.7629
  2.0405
 10.3498
  9.8066
  9.7012
  8.3699
 15.7052
  6.6285
  6.1373
  9.4312
  6.2536
  6.2922
  6.9644
  6.8763
  6.6940
  6.3386
  6.3092
  1.6523
  2.7457
  2.9397
  2.6798
  2.3783
  2.6784
  1.5300
  2.6714
  2.3923
  7.0267
  2.0508
  2.6653
  2.6375
  2.5664
 13.4975
 14.9945
  2.9379
  7.1179
  9.3570
 17.1870
  5.0874
  5.3081
  5.0102
  5.6430
  5.9580
  5.7177
  5.8490
  1.7630
  9.1464
  0.7290
  0.1377
  0.3935
  1.0189
  2.8456
  2.7662
  2.2624
  2.1057
  2.6049
  3.3177
  2.0340
  2.1241
  3.3983
  3.8883
  3.7402
  3.1985
  3.1515
  6.8792
  6.4150
  0.7505
  0.1748
  3.7747
  3.4513
  0.5626
  6.2524
  0.3304
  1.3857
  8.7284
  2.9567
  8.5045
  8.7049
  8.7235
  8.0111
  2.4724
  2.3957
  8.3030
  2.1894
  8.1394
  8.7273
  8.6468
  8.2455
  8.3352
  2.8363
  2.8604
  2.9118
  7.7570
  1.6453
  8.8696
  7.9914
  7.9945
  1.8858
  7.8812
 11.4796
 10.8765
  9.9137
 30.0000
  2.2301
  2.6757
  3.0884
  3.2689
 10.9264
  0.7869
  6.7605
  6.2819
  2.6177
  6.3949
  6.5535
  6.7592
  9.9625
 11.4203
  6.4216
  6.7302
  1.3720
  2.1929
  2.6608
  2.5719
  2.7892
  2.6118
  2.7793
  2.4350
  2.1076
  2.5401
  7.3447
  2.4456
  2.7042
 10.2485
  9.5581
  7.7705
  7.2368
  4.2541
 12.0788
 19.6875
  5.9310
  5.9539
  5.5189
  5.2642
  5.6400
  1.1624
  1.2562
  1.6577
  1.8716
  1.9990
  1.4634
  0.4346
  0.0287
  7.3717
  7.7982
  3.0023
  3.7905
  2.6441
  2.9924
  2.9992
  2.8759
  3.1586
  8.2484
  8.9435
  3.1549
  3.9231
  3.4438
  3.9266
  0.3373
  3.9592
  6.9372
  0.9887
  6.6899
  0.2047
  8.3080
  1.1183
  3.3244
  2.8672
  8.7494
  2.4908
  1.3048
  8.4847
  8.3590
  2.6470
  2.0555
  8.0257
  2.5477
  2.0215
  2.2795
  8.7885
  8.6165
  2.3477
  2.4177
  8.8110
  7.5771
  7.8623
  7.7536
  1.5055
  7.3288
  7.3192
  1.2312
  7.3073
 16.4664
  1.7601
 16.0128
  9.0007
 10.7852
  3.1495
  3.4034
  3.2125
 21.0064
  6.0734
  6.3409
  6.0187
  6.1634
  2.2286
  6.3150
 10.0931
  6.1268
  9.0176
  6.3459
  6.9803
  2.3937
  2.7353
  2.1489
  2.4622
  2.1318
  2.9071
  2.4510
  2.0822
  2.7150
  2.8158
  2.5717
  2.8752
  9.6015
 11.0654
 11.9061
  7.4206
 11.4536
  4.6270
  5.4993
 13.6906
  5.7859
  5.0450
  5.9394
  5.8127
  1.7216
  5.1102
  1.6329
  0.2223
  1.3133
  0.9804
  3.1244
  2.1587
  7.4497
  7.9566
  3.2557
  3.3306
  1.3779
  2.8344
  2.5645
  2.4825
  3.7421
  3.2662
  3.9907
  3.3332
  3.8151
  3.5899
  3.2791
  6.9077
  3.0338
  3.1950
  3.6103
  6.8235
  0.3823
  3.2664
  8.6234
  1.6181
  8.1912
  1.3883
  8.8927
  8.9691
  8.5846
  8.3026
  2.7490
  8.9359
  2.9844
  2.6186
  2.6050
  8.5768
  8.1257
  8.8590
  8.5970
  2.5185
  2.6821
  8.2441
  7.1441
  7.4291
  1.3187
  7.8823
  7.0753
  7.4425
  9.5695
  1.7707
  1.5719
 11.1091
 18.9416
 17.4670
 10.0640
  3.9227
  9.4977
  6.0121
  6.4087
  6.2704
  6.9476
 10.9992
  6.0911
  9.5289
 30.0000
 13.0111
  6.9262
  6.5701
  1.2899
  1.6927
  2.2750
  2.1073
  2.3726
  2.3804
  2.9101
  2.4458
  2.5698
  2.2319
  2.1616
  2.9495
  2.3718
 14.5001
 10.2536
  2.5014
  9.5036
  7.6946
  7.4675
 13.4519
  5.2206
  5.8580
  5.1650
 14.0291
  5.3014
  1.6231
  5.5852
  1.3986
  0.6552
  1.6641
  0.5972
  2.1185
  2.8469
  7.6177
  3.5034
  3.6814
  2.1533
  1.3672
  7.4319
  5.6678
  3.1589
  3.6778
  3.3613
  3.0468
  3.5762
  3.2032
  3.4177
  3.3966
  3.5357
  6.4320
  3.7120
  3.5265
  3.2007
  3.0575
  8.7476
  8.0754
  1.6974
  8.0929
  8.0702
  8.6166
  8.6069
  1.0345
  8.8867
  2.3326
  8.3108
  2.5531
  2.9759
  2.1355
  2.5727
  1.0373
  1.3968
  2.4335
  2.8322
  8.4318
  7.2732
  7.4476
  7.7673
  7.3086
  1.3057
  7.7014
  1.4301
  1.4159
  1.0419
  1.4423
  1.1033
 14.2680
 17.3575
  3.0138
  3.0318
  3.4918
  8.4774
  6.6669
  6.8200
  6.5171
  6.1123
  2.9547
  6.6166
 11.8516
  9.0765
  6.7778
  6.3421
  6.6932
  1.1545
  2.6036
  2.6970
  7.7781
  2.7151
  2.1757
  2.1744
  2.9745
  2.0248
  2.0248
  2.7580
  2.7368
 24.8738
 11.1828
 11.3680
 10.9484
  7.9518
  7.2136
  5.3343
 12.6622
  5.5691
  5.4273
  5.6480
  5.6143
  1.1980
  1.3051
  1.6597
  0.5560
  1.6559
  0.7014
  0.1225
  3.9801
  7.7200
  7.1839
  3.5989
  2.2376
  3.6534
  7.4101
  7.5311
  2.4582
  3.2749
  3.3622
  3.9409
  3.1136
  3.8209
  3.9392
  3.8404
  6.2991
  3.4352
  6.8453
  3.4720
  1.7600
  1.8299
  1.1924
  1.0037
  1.9500
  1.9956
  8.4269
  8.3568
  1.0905
  8.0215
  2.5385
  1.3176
  8.7249
  8.8700
  2.8503
  8.1904
  2.3974
  2.2798
  8.1224
  2.0780
  2.4017
  2.8022
  7.6045
  8.3231
  2.8968
  1.2815
  7.5805
  1.7833
  1.2693
  1.3976
  1.0354
 12.2159
  1.7304
  2.3492
  3.6716
  2.4440
  3.5612
 10.2709
 10.5100
  6.9973
  6.0744
  6.8760
 10.0247
  6.2265
  2.9447
 16.5133
  6.5237
  6.3942
  2.1141
  6.6864
  2.9520
  2.3850
  2.9922
  2.2034
  2.9254
  2.0453
  2.6957
  2.2621
  2.9424
 11.9246
  2.9552
 11.4045
  2.7383
  9.7957
 11.3576
 10.3747
  7.5091
  4.5488
  5.0813
 20.0515
  5.8321
  5.2374
  9.1025
  5.5128
  1.3712
  1.4341
  1.3891
  1.8728
  0.8511
  0.5268
  3.7671
  3.0201
  2.9436
  3.1347
  2.8287
  2.5681
  1.3124
  3.0632
  7.0575
  3.5571
  3.4239
  3.4143
  3.4637
  3.4978
  3.2419
  3.9774
  3.9627
  3.6597
  0.3666
  6.9827
  3.2322
  3.5605
  1.6919
  1.2299
  1.3254
  1.6289
  1.1465
  1.4622
  1.8046
  8.5478
  8.2310
  2.3374
  2.6393
  2.9386
  2.6494
  2.1635
  2.1351
  8.8034
  2.1646
  2.8030
  2.6771
  2.3915
  2.9907
  8.5047
  8.0912
  8.5511
  1.8280
  1.0292
  1.4299
  3.4453
  1.2862
  1.0040
  1.6572
  2.0541
  2.0613
  3.1805
  3.2208
 16.2912
  2.3618
  6.7619
  6.7727
  6.6244
  6.6302
  6.7828
  2.1777
  2.4858
  6.6101
  6.2003
  6.0216
  2.5300
  2.6212
  2.3298
  2.5201
  2.3486
  2.1074
  2.9985
  7.6775
  7.0654
  2.6667
  2.7737
  2.1460
  2.5917
  2.2987
  2.6763
 11.6386
  2.5013
 12.9745
 11.4937
  7.3971
  5.4790
  5.4370
  5.0787
  5.4782
  5.7298
  5.2598
  1.4792
  5.8363
  1.2268
  0.1725
  1.7222
  1.2661
  1.3839
  3.8591
  7.2245
  3.9680
  3.0029
  2.2737
  2.7658
  7.3919
  2.8137
  7.8190
  7.8428
  2.5604
  3.0460
  3.2415
  3.5615
  3.1212
  3.8978
  6.7492
  6.1264
  3.7684
  3.9144
  3.6088
  3.5172
  1.1266
  1.6830
  1.8206
  1.6149
  8.4613
  8.9884
  8.0453
  1.5589
  8.4865
  8.0600
  8.0479
  8.2198
  8.2120
  8.9518
  2.5912
  2.5224
  2.5796
  2.8251
  4.1034
  2.3495
  7.4472
  8.8410
  1.7067
  1.0555
  1.6380
  1.2419
  3.8644
  1.9933
  1.0708
  1.1747
  1.9346
  2.9314
  2.5971
  2.1407
  2.3456
  2.2860
 17.5879
  6.0146
  6.5208
  6.2064
  2.7630
  2.3049
  6.8887
  6.3884
  6.5081
  2.3186
  2.6074
  2.6895
  2.5968
  2.4043
  2.8605
  2.5036
  7.3525
  2.5261
  2.8589
  7.3116
  2.8916
  2.1095
 15.5878
  2.6474
  2.2075
 11.5703
 10.4223
  9.5416
  7.4255
  7.8199
  5.9839
  5.1019
  5.9835
  5.1147
  5.9232
  5.7887
  1.4109
  1.4255
  1.8879
  0.1341
  1.9828
  1.8497
  3.4475
  3.5093
  3.4476
  3.7659
  2.2581
  2.2672
  3.5768
  7.4589
  7.3209
  2.1663
  2.4321
  2.7193
  3.5240
  3.5695
  3.4916
  3.2301
  3.1427
  3.7098
  0.1696
  0.6793
  3.4883
  3.5074
  3.6852
  3.0424
  1.2717
  1.3233
  1.8356
  1.3914
  1.6773
  1.3396
  8.5232
  2.9458
  2.1182
  8.5231
  8.0999
  5.8072
  8.4835
  8.6026
  8.3958
  8.3644
  2.3020
  2.0343
  8.7675
  8.9307
  8.4499
  8.1376
  1.5926
  1.7647
  1.9487
  3.4356
  1.8002
  1.0716
  3.3270
  1.5505
  3.9898
  2.2043
  2.7312
  2.7671
  2.2132
 22.6211
  6.3372
  6.8848
  6.3267
 17.2109
  2.4500
  2.7662
  6.3397
  6.9784
  6.3211
  6.0918
  6.1645
  2.5374
  2.4383
  2.5435
  2.8147
  2.1044
  2.7245
  2.3994
  2.9264
  2.2069
  2.2799
  2.2731
  2.4256
  2.3408
 10.7710
  9.4184
 10.8382
 19.7685
  4.7196
 18.9504
  5.7888
  5.6092
  5.4147
  9.6613
  9.3957
  1.1828
  1.1306
  1.3013
  0.9079
  1.1264
  1.2114
  3.8450
  7.0175
  2.8139
  3.4788
  3.3911
  2.0470
  3.8545
  3.1941
  3.0819
  7.5451
  7.6549
  3.2627
  3.5028
  3.2047
  3.6277
  3.8952
  3.7415
  3.4202
  3.1565
  3.5392
  3.3046
  3.2222
  3.1701
  3.5219
  1.4872
  1.1233
  8.6129
  8.3891
  1.3850
  8.6054
  8.1615
  8.1256
  8.9699
  8.1590
  5.3664
  2.2111
  2.4657
  2.6603
  2.7440
  1.4374
  2.0294
  2.1312
  8.4867
  8.8545
  8.8381
  1.6147
  1.8555
  1.8187
  3.1279
  1.4278
  3.5173
  3.3923
  1.4243
  2.7854
 14.8907
  2.7466
  3.8344
  2.5062
 11.1559
 16.3198
  6.7579
 10.7723
  6.5068
  6.8788
  2.1007
  2.9457
  2.1939
  6.2740
  6.9822
  6.8006
  2.2705
  2.8907
  2.3032
  2.2659
  2.5221
  2.7844
  2.2156
  2.0458
  2.2841
  2.7976
  2.0353
  2.5374
  2.8191
  2.6049
 10.8044
 10.1484
 16.2589
  9.0914
 12.6688
 13.7904
  5.5765
  5.2610
  5.5649
  5.2613
  5.9179
  1.8506
  1.0630
  1.1575
  0.1939
  1.2598
  1.1868
  7.1412
  3.6309
  7.7641
  2.4542
  3.0591
  3.6824
  3.4034
  3.0695
  3.6291
  7.9460
  7.2037
  3.8799
  3.3845
  3.4645
  3.7841
  3.3195
  1.8436
  1.5348
  3.2870
  3.1433
  3.8412
  3.7463
  1.6358
  3.9305
  1.7922
  1.8226
  1.9327
  8.8793
  1.0518
  8.1643
  8.7606
  8.3938
  8.5801
  8.3014
  8.5229
  8.6782
  8.9830
  8.0701
  2.3960
  8.8815
  2.0690
  2.8490
  2.1462
  8.8020
  8.8987
  1.0699
  1.4979
  1.6914
  1.3896
  3.9438
  3.0017
  1.1988
  1.6456
  2.7889
  2.2488
  2.0396
  2.3750
  2.6950
 11.6420
 11.0881
  9.8009
  6.9657
  6.2921
  2.1454
  6.3743
  6.9852
  6.9827
  1.4099
  6.5290
  2.5280
  2.6321
  2.8740
  2.2885
  2.3951
  7.1744
  2.3731
  3.2833
  7.9010
  7.0565
  2.7369
  2.3015
  2.3190
  2.1566
  2.0196
  2.9096
  9.8051
 12.5304
 14.8509
  4.5641
  9.2663
  5.9823
  5.0241
  5.8269
  5.7132
  1.6128
  1.1383
  1.2185
  1.9777
  0.6560
  5.6394
 13.5430
  3.4150
 12.3523
  3.7337
  3.9485
  3.2439
  3.0476
  3.8745
  3.6114
  3.5057
  7.2640
  7.1371
  3.7138
  3.5346
  3.7439
  3.9092
  3.5279
  1.7697
  1.1701
  1.1004
  3.4300
  3.3538
  3.7307
  3.7592
  1.2322
  1.0733
  1.7018
  1.7514
  1.1707
  8.8854
  8.2579
  1.3742
  8.3885
  8.3684
  8.7922
  1.4782
  5.2298
  8.6056
  8.3776
  1.3851
  1.4082
  2.2250
  2.5974
  2.3894
  1.2125
  1.3821
  1.7295
  1.8560
  1.8130
  1.0068
  1.8963
  3.3793
  3.3204
  3.6330
  3.8139
  3.2103
  3.5965
  2.5963
  2.1686
  2.2777
  3.9758
 10.9590
 15.8008
  3.8820
  3.5871
  2.3427
  2.1848
  6.9740
  6.0556
  2.9519
  2.2821
  2.2375
  2.4449
  6.0806
  2.9272
  2.8868
  2.9183
  7.1613
  2.4820
  7.7954
  2.6236
  2.2001
  2.5106
 10.0452
  2.0178
 12.6282
  2.9813
  1.8802
 11.3136
 10.8841
 10.3500
  5.2996
  5.2235
  5.6563
  5.6086
  5.0653
  1.9529
  1.5291
  5.1157
  5.8179
  1.3951
  1.1868
  3.7160
  3.3772
  3.5999
  3.2578
  3.9345
  3.2298
  3.7687
  3.6679
  7.8524
  3.3770
  3.7986
  2.4688
  3.0089
  3.7907
  1.1540
  1.6822
  1.1310
  3.8048
  1.4614
  3.6916
  3.9139
  3.0060
  3.7859
  1.0950
  1.3104
  1.7239
  1.4518
  1.4340
  1.0314
  1.9946
  8.1757
  8.5033
  8.7977
  1.0675
  8.7833
  8.8441
  2.5026
  8.7316
  8.3157
  2.1361
  2.6125
  2.6090
  2.1271
  1.9841
  1.9007
  1.3635
  1.7038
  1.1910
  1.4636
  1.8651
  3.9550
  3.7385
  3.9695
  2.2765
  3.6691
  3.5255
  2.3570
  2.7826
 16.5013
  9.2884
 24.8023
 12.9882
  6.3415
  6.1941
  2.6928
  6.4960
  2.9300
  6.5748
  2.6416
  6.8925
  2.0525
  2.2789
  2.2958
  6.2903
  7.7170
  7.3045
  2.3282
  7.3418
  2.7531
  7.8186
  2.4851
  2.3666
  2.8094
 11.1706
 11.6615
  9.4762
  9.4277
 30.0000
 11.4369
 19.9529
  5.6651
  5.6589
  5.9390
  5.6115
  5.3641
  1.6728
  1.6845
  1.8337
  0.1678
  5.8941
  1.3522
 15.5514
  3.3174
  3.6809
  3.5626
  3.7916
  3.8694
  7.3473
  3.1765
  7.7230
  1.4962
  3.5399
  3.7833
  3.5872
  1.3148
  1.7112
  1.3062
  3.0994
  3.5992
  3.0781
  3.8067
  3.9920
  3.1830
  3.5765
  1.1844
  1.4505
  1.5568
  1.7422
  1.9021
  1.3369
  8.7874
  8.3813
  8.3460
  8.9959
  8.3570
  8.1758
  8.1904
  2.0901
  7.9544
  2.9769
  2.9665
  2.3625
  2.5490
  8.9760
  2.5450
  1.5809
  1.0271
  1.9492
  1.1686
  1.4205
  1.4852
  1.0586
  3.6905
  3.3026
  2.6935
  2.7500
  3.7518
  3.5862
  2.3789
 20.7682
 16.8147
 10.4507
  3.7025
  6.6042
  6.6820
  2.9433
  6.1734
  6.5756
  2.5424
  6.1005
  6.3428
  2.1977
  2.4311
  6.2314
  6.1704
  7.8423
  7.5927
  7.3974
  7.8804
  7.3526
  1.3464
  1.9264
  2.0629
  2.9528
  2.6681
  2.6173
  2.3090
 10.0255
  1.1785
  4.6604
  1.6664
  5.1412
  5.2680
  5.4136
  5.8098
  5.2435
  1.1924
  1.7970
  5.3772
  0.4012
  5.2580
  5.9935
  5.8318
  3.5852
  3.8639
  3.1790
  3.7813
  7.9602
  3.9618
  3.2007
  7.5217
  3.1760
  1.0369
  1.2909
  1.1654
  1.1454
  1.1179
  3.1856
  1.3112
  1.6834
  1.7277
  3.8121
  3.4318
  3.8229
  3.7844
  1.7102
  1.4198
  1.1911
  1.8655
  8.0213
  8.0888
  8.6559
  8.1483
  8.6434
  8.9284
  8.5930
  1.7942
  2.0604
  2.8588
  2.3607
  2.8417
  2.0713
  2.8867
  2.4000
  2.1628
  2.8242
  1.1240
  1.5328
  1.1872
  1.0384
  1.4269
  1.4752
  1.4121
  3.5616
  3.8932
  2.6791
  5.1441
  3.1666
  3.9209
  2.0206
  2.5341
  3.9602
 14.8245
  3.6735
  3.5069
  6.7692
  2.9543
  2.2575
  6.0605
  2.6040
  6.0256
  6.9055
  6.1608
  2.3887
  1.1325
  6.6188
  7.4538
  7.7527
  7.0076
  2.2105
  7.0372
  2.1847
  2.1793
  2.4251
 12.6469
  2.7814
 15.7243
  1.6538
 10.1487
 11.5342
 13.4613
  1.6080
  5.4646
  5.2584
  1.4431
  1.2114
  5.8076
  5.2003
  5.6217
  5.7618
  5.5469
  5.8043
  1.3634
  2.9705
  1.9059
  7.7262
  3.3909
  7.8063
  7.1873
  7.4639
  7.1027
  1.0511
  3.1486
  3.8102
  1.4364
  1.6404
  1.0007
  3.9744
  1.8366
  3.9340
  1.8373
  3.1591
  1.8762
  3.8299
  3.3098
  1.7464
  1.7003
  1.5811
  1.2063
  1.8727
  1.1613
  1.8136
  8.8603
  8.2183
  8.3684
  8.2974
  8.5122
  8.8767
  2.7471
  8.4315
  8.7232
  2.0715
  2.0786
  2.9397
  2.5448
  1.9133
  1.2040
  1.5951
  1.8921
  1.7807
  1.9321
  1.0340
  1.2639
  3.6594
  3.1361
  3.0059
  2.9106
  2.1835
  3.1920
  3.6009
  2.0459
  3.3899
  3.9240
  1.4627
  3.6584
  6.5182
  6.0969
  2.9649
  6.0774
  6.0516
  6.1766
  6.2473
  6.9489
  6.2142
  6.5871
  2.3092
  2.9716
  6.6605
  7.6830
  7.2472
  2.8906
  1.1061
  1.8296
  2.0902
  2.3018
  2.3429
 10.1981
 10.8802
 10.5749
 15.5778
  1.7597
 30.0000
 10.2013
  1.8926
  5.6520
  1.2730
  5.5193
  5.5867
  1.9672
  1.4742
  5.2461
  5.8898
  5.9193
  5.5863
  3.9230
  3.2939
  2.7697
  3.0522
  7.0703
  7.7599
  3.3516
  7.6821
  7.4406
  1.1579
  1.9958
  1.5905
  1.0455
  1.1189
  3.8657
  3.7054
  3.2938
  3.3122
  1.5358
  3.3096
  1.0065
  1.1965
  1.2431
  1.4928
  1.1018
  1.3232
  1.4562
  1.3798
  1.9909
  1.0023
  1.3426
  8.3919
  8.9114
  5.7979
  8.4316
  8.6841
  2.6914
  2.8523
  2.2078
  2.7636
  2.2726
  2.5379
  8.2958
  1.4525
  1.2424
  1.7102
  1.7135
  1.3750
  1.1336
  3.8040
  3.5231
  2.4462
  3.8491
  3.4756
  3.9092
  3.5520
  3.3641
  3.1530
  2.5337
  3.7969
  3.5587
  1.6525
  2.2540
  2.7503
  6.0502
  6.4671
  6.9105
  6.2525
  6.9820
  6.3901
  6.2826
  2.8639
  6.1754
  6.8741
  7.7199
  2.2188
  2.9872
  2.0829
  1.6757
  2.8753
  2.5566
  2.4080
  2.2597
  2.4440
 10.0809
 22.3134
 14.7676
  1.3664
 10.9899
  1.8409
  5.9123
  1.4740
  1.5169
  5.8703
  1.8086
  1.0633
  5.9624
  0.7821
  0.2441
  0.0413
  5.7468
  7.1966
  3.6752
  2.4782
  7.7636
  7.7091
  7.6058
  7.0831
  3.4091
  3.7850
  9.1461
  4.5697
  1.8563
  1.7281
  1.2016
  2.2543
  4.0425
  4.0355
  3.8222
  3.5383
  1.2759
  1.8092
  1.4789
  1.6102
  3.6581
  1.4727
  1.2712
  1.0341
  8.1110
  1.1150
  1.5459
  8.1352
  5.4548
  5.3583
  8.8901
  8.6686
  2.0492
  2.1078
  8.7817
  2.5802
  2.9834
  1.5061
  1.7237
  1.5399
  2.2727
  1.6225
  1.3395
  1.4942
  1.9081
  1.4798
  1.6759
  3.9552
  3.0040
  2.1863
  3.3381
  3.5933
  3.1091
  3.6304
  3.9074
  3.0741
  3.0919
  3.1929
  3.9501
  6.9212
  2.0235
  6.7108
  6.3148
  6.1234
  6.7917
  6.2171
  2.3938
  2.9341
  2.0554
  2.7175
  7.6889
  2.6359
  7.7823
  7.1640
  7.9811
  1.9443
  1.1861
  2.0143
  0.0238
  9.8524
  9.0182
  9.2367
  9.8646
  1.1669
 11.2197
 30.0000
 10.0516
  1.3785
  1.6040
  1.2179
  1.0723
  5.8211
  1.5401
  5.2211
  1.9404
  3.5623
  5.2266
  3.6130
  7.3725
  1.4825
  7.3075
  7.6839
  7.1526
  3.1285
  3.7656
  7.4237
  9.2724
  1.6474
  1.0716
  4.3530
  4.6440
  4.5267
  4.0510
  4.8503
  4.4775
  3.2859
  3.4351
  3.0253
  3.9183
  1.6824
  1.9385
  1.2693
  1.3879
  1.3873
  1.0673
  1.2271
  8.5116
  1.6368
  8.0493
  8.6896
  8.0907
  8.2316
  8.7354
  8.8822
  8.0967
  2.5843
  2.6266
  2.6569
  2.5536
  2.8127
  1.0702
  1.5226
  8.3631
  1.9625
  1.5817
  1.7046
  1.2959
  1.6677
  1.0318
  3.0225
  2.6551
  3.6528
  3.7480
  3.6040
  2.0059
  3.5801
  3.5446
  2.7029
  3.9934
  1.2932
  1.4350
  3.4020
  6.7857
  6.0994
  6.4592
  6.6017
  6.4390
  6.6434
  2.1308
  2.1378
  2.0083
  7.4922
  6.1849
  7.7680
  7.2388
  7.7112
  8.9995
  3.7204
  0.8252
  0.5433
 21.7803
  2.6329
  1.3275
 12.4867
  1.1722
  9.1078
 11.9514
 16.8088
  1.8052
  1.1752
  1.9624
  1.9717
  1.5521
  1.0914
  1.5181
  3.4592
  3.1362
  5.3628
  3.5694
  2.2962
  2.7325
  2.2907
  7.2063
  7.0446
  7.2508
  7.8412
  1.1339
  4.6683
  1.3257
  4.6160
  4.8541
  1.6753
  4.1696
  4.9596
  3.2255
  4.0359
  3.1173
  3.7152
  3.1642
  1.1051
  1.8551
  1.7574
  1.5776
  1.1144
  1.4444
  1.7729
  1.6448
  8.4759
  8.2584
  8.5273
  8.6980
  8.8355
  8.4238
  8.6860
  2.0882
  2.8249
  2.2462
  2.4741
  2.3334
  2.6739
  2.9487
  8.6915
  2.0597
  2.2523
  1.9672
  1.5163
  1.4176
  1.0177
  1.0239
  1.0689
  1.7294
  2.7312
  3.1620
  3.8059
  3.5088
  3.3843
  3.5409
  3.1063
  3.3598
  3.9814
  3.3322
  2.2965
  6.5661
  6.5012
  6.1009
  6.7424
  6.6921
  6.9000
  6.0409
  6.9535
  2.5006
  2.7235
  2.0344
  6.7606
  6.2801
  6.1013
  1.8096
  2.7441
  2.7368
  2.0615
  0.3316
  2.4728
 10.8555
 12.5061
  9.8729
  1.6526
 15.7904
 12.9420
 14.7469
  5.7763
  1.9665
  1.0914
  1.3041
  1.0978
  1.1480
  1.9143
  2.6048
  3.4639
  5.4932
  7.0955
  7.8868
  1.6735
  2.2656
  7.1315
  7.5118
  7.0300
 19.9501
  4.9065
  1.7856
  4.6443
  4.4577
  4.4897
  4.9974
  4.7557
  1.3132
  3.0488
  3.9690
  3.1712
  3.0800
  3.2670
  1.0819
  1.5851
  1.3577
  1.4563
  1.8499
  1.6003
  1.7354
  8.3082
  8.7944
  8.0175
  8.6148
  8.4176
  8.3187
  8.5139
  8.2883
  8.2584
  2.5716
  2.2410
  2.9480
  2.4788
  2.5340
  2.7909
  2.8475
  2.3449
  1.8175
  1.9374
  1.7780
  1.6102
  1.6292
  1.0148
  3.7891
  2.6033
  2.4022
  3.2883
  3.2792
  3.1631
  3.8160
  3.5591
  3.2841
  3.4397
  3.3045
  1.1493
  6.6516
  6.0647
  6.8774
  6.4083
  6.2978
  7.1736
  6.3089
  6.2188
  6.5808
  6.9316
  2.8524
  2.4940
  6.1831
  7.6680
  1.1788
  2.5534
  2.8543
  2.4665
  2.7756
  2.0309
  2.0593
  9.8373
  1.0947
 10.0402
  1.4104
 16.7136
  9.3942
 13.4800
 11.1436
  1.6460
  1.3687
  1.4511
  5.4388
  1.7777
  2.6999
  0.4720
  5.0459
  0.5589
  7.7929
  7.4157
  2.4030
  7.6100
  2.8670
  7.0831
  5.0573
  5.9277
  1.7919
  4.6948
  4.9996
  4.8478
  4.7034
  4.1481
  4.5387
  1.8995
  4.2629
  4.2825
  3.0738
  3.8408
  1.6459
  1.2777
  1.6011
 12.2588
  1.1093
  1.6945
  1.5970
  1.8092
  8.6901
  8.3191
  8.7380
  8.8292
  8.3049
  8.7889
  8.4253
  8.9040
  8.7863
  2.3999
  2.4067
  2.7458
  2.6636
  2.7516
  2.9935
  8.1849
  2.2298
  2.9641
  1.4822
  2.7443
  1.8970
  1.5513
  1.4528
  1.0993
  3.4983
  3.8308
  3.3584
  3.1732
  3.6808
  3.4421
  3.9207
  3.3220
  3.9426
  3.5152
  2.9635
  1.1667
  6.0406
  6.7731
  6.7066
  6.4718
  6.0157
  7.5406
  6.6140
  2.9280
  2.6832
  7.4732
  7.7388
  6.3721
  7.6665
  2.8888
  1.3125
  1.2431
  8.1028
  2.2070
  0.1803
  9.1275
  9.6259
 13.8929
  1.0873
  5.6982
 10.8955
  1.1173
 10.0913
  9.6473
  1.5771
  1.9887
  1.9280
  5.0829
  1.8017
  1.4632
  5.8067
  5.8864
  3.2324
  2.6540
  2.0309
  2.1474
  7.6952
  8.4320
  5.7563
  5.9393
  5.7051
  1.0037
  4.5071
  1.2871
  4.8206
  4.4660
  4.2102
  1.3196
  4.8869
  3.7786
  3.5983
  3.4415
  3.1443
  3.5164
  1.9143
 12.0125
  1.7385
  1.1218
  1.7148
  1.9709
  9.3569
  1.0762
  8.9580
  8.1637
  8.5586
  8.8147
  5.3893
  8.0641
  2.3283
  2.0632
  2.1159
  2.7892
  2.8710
  2.4354
  2.9082
  2.6173
  8.0090
  2.2432
  8.4800
  2.8244
  2.8055
  2.0394
  1.3144
  1.7440
  3.6187
  1.9090
  3.8687
  3.0622
  1.1192
  1.4442
  1.2720
  1.3557
  3.2040
  3.3286
  1.7316
  3.5183
  1.8206
  3.6331
  6.8690
  6.8351
  6.3478
  7.8801
  6.8977
  6.0831
  2.2759
  2.9599
  6.2689
  7.8404
  7.4120
  2.7083
  2.6344
  7.6919
  1.0502
  2.1023
  2.5897
  1.2137
 28.8779
 14.0545
 11.1192
 12.4509
  1.1938
 12.1771
  1.1795
  1.2417
  1.6158
  1.3948
  1.9870
  1.6983
  5.6702
  1.6492
  1.7390
  5.6975
  5.0250
  5.1053
  3.2121
  2.0891
  7.7723
  7.4473
 11.2728
  1.2073
  1.9692
  5.9738
  5.7080
  4.4728
  4.6556
  4.6162
  4.5047
  4.2772
  4.9874
  1.9132
  3.9064
  3.2798
  3.2269
  3.0750
  3.9972
  1.1122
  1.9674
 12.6419
  1.1490
  1.4503
  1.8725
  1.6420
  8.2168
  8.5859
  8.7284
  8.4212
  8.6225
  8.8919
  0.1675
  0.5510
  2.9332
  2.4703
  2.8373
  2.8089
  2.7148
  2.9297
  2.5228
  8.8843
  8.9905
  8.2564
  2.3099
  2.8305
  1.5297
  1.0974
  1.0453
  1.4142
  1.5215
  3.6509
  3.3351
  3.4252
  3.1153
  3.7137
  3.4046
  3.7707
  3.9227
  3.7410
  2.4695
  2.7308
  6.2555
  6.1663
  6.0284
  6.3647
  7.6470
  6.9060
  6.0875
  6.9620
  6.9630
  7.1579
  7.4640
  7.3936
  2.5693
  2.0449
  2.0081
  2.9459
  2.8880
  1.8916
  0.7632
 29.1408
 10.1177
  9.1535
  1.5115
 10.2206
  1.1193
  3.3526
  1.5333
  1.9914
  1.0711
  5.7733
  1.7618
  1.3446
  1.1524
  1.8837
  0.6751
  1.7773
  3.6222
  3.4478
  2.8750
  2.6466
  1.5371
  5.6563
  5.7582
  1.0317
  5.2320
  4.7339
  4.5623
  4.1645
  4.9649
  4.0321
  4.9547
  1.9313
  4.1007
  1.9859
  3.1037
  3.0511
  3.7746
  1.9828
  3.8674
  1.9554
 12.6496
  1.0776
  9.1532
  1.5037
  1.2975
  8.5226
  8.6626
  8.4183
  8.5985
  8.2765
  8.7723
  2.9311
  2.7625
  8.1511
  8.4882
  2.0290
  2.0178
  2.1775
  2.1447
  2.4268
  2.0740
  8.5860
  2.5622
  2.1307
  2.6556
  1.2611
  1.2664
  5.3830
  1.8707
  1.1914
  3.6605
  3.0465
  3.1285
  3.1637
  3.2357
  3.1839
  3.8130
  3.8838
  3.9967
  3.2882
  1.9831
  1.9366
  1.8762
  2.9505
  7.0458
  7.6322
  7.8657
  6.6680
  6.1032
  6.2540
  2.4558
  7.1574
  7.7386
  2.6168
  2.4614
  1.8098
  1.5374
  2.2248
  2.0701
  0.1477
 23.1310
 11.5747
  9.1080
  9.3938
 24.0352
  1.0289
 13.0469
  1.3650
 10.2987
  1.4288
  1.4680
  5.3812
  5.2939
  1.0678
  5.2485
  5.0492
  1.1197
  0.9231
  2.9648
  2.8128
  5.9000
  9.6814
 17.4853
  5.9012
 12.5745
  1.7593
  1.0999
  4.7636
  2.0040
  4.6533
  4.8210
  0.5453
  0.6202
  4.0457
  4.5223
  4.7280
  3.7965
  1.8703
  1.0567
  1.2894
  1.9254
  1.1075
  1.5090
  1.5310
  1.8646
  8.0914
  8.3894
  8.4542
  8.2553
  8.5497
  8.0951
  8.8749
  2.4685
  2.9959
  2.6559
  2.8978
  8.6079
  2.9123
  2.8697
  2.1807
  2.3058
  8.9169
  2.2806
  2.5979
  2.2585
  2.0633
  2.2906
  2.9474
  1.4541
  1.0953
  1.0541
  3.1210
  3.9988
  3.3166
  3.3136
  3.2321
  3.3532
  3.9456
  3.6164
  3.2315
  3.8764
  1.9463
  3.0234
  6.2938
  6.3783
  7.2598
  7.6405
  6.8030
  6.2291
  6.7805
  6.0934
  6.1199
  7.7253
  2.4667
  2.3934
  1.5840
  1.1100
  1.8708
  2.4062
  2.2080
  0.7914
  2.2283
 30.0000
 12.1741
  1.1366
 10.4805
  9.8194
  9.8870
  1.2096
  1.3433
  1.3954
  1.0907
  5.9078
  5.1024
  1.2055
  1.7237
  5.3312
  1.0203
  1.9380
  1.7106
  5.2831
  1.6990
 16.6100
 11.7529
  5.7948
  5.8861
  1.1507
  4.3387
  4.7334
  4.1464
  4.7606
  1.6251
  0.3631
  1.0234
  1.1466
  1.8634
  1.1513
  1.4548
  1.6369
  1.2234
  1.1018
  1.4410
  1.9955
 10.4092
  1.8211
  1.6036
  1.1880
  8.3189
  8.2854
  8.0739
  8.6359
  8.5736
  2.7770
  2.9368
  8.1099
  2.5904
  8.5685
  2.2877
  2.1893
  2.7020
  2.4899
  2.9265
  2.3244
  2.5868
  2.1698
  2.5835
  2.8508
  2.5969
  1.1866
  1.0512
  1.4261
  1.8924
  3.9992
  3.6422
  3.0043
  3.2918
  3.9654
  3.8735
  3.2856
  3.3061
  6.5462
  3.3897
  6.3824
  1.2491
  6.7234
  6.9546
  6.7863
  7.1088
  6.5131
  6.8054
  6.3483
  6.1026
  6.9901
  7.7441
  2.1862
  2.9425
  3.2519
  1.5782
  1.6008
  1.4143
  1.7317
  0.0685
 10.1675
  9.1129
 15.6846
  9.8714
  9.3208
  1.8887
  1.5578
  1.1380
  1.5092
  1.4369
  1.4938
  5.4296
  5.8247
  5.2836
  5.2653
  1.9074
  1.2694
  1.8225
  5.5355
  1.0044
  5.1995
 17.7640
  9.5239
  1.6271
  1.1241
  4.9257
  1.5696
  2.6441
  2.9601
  1.3302
  4.6241
  0.4770
  1.7128
  4.9591
  1.3174
  1.7999
  1.0783
  1.7269
  1.8765
  1.2673
  1.5589
 26.6260
  1.0494
 12.6260
  1.4492
  1.8850
  8.3037
  8.7711
  8.6352
  8.6888
  8.0945
  8.7164
  2.7354
  2.6712
  2.1808
  2.4608
  2.5548
  2.8146
  8.7435
  2.5326
  2.5724
  8.8977
  2.2010
  2.1256
  1.2327
  2.7654
  1.4834
  1.0171
  1.0365
  1.9351
  3.0972
  3.8402
  3.1498
  3.0271
  3.1472
  3.9795
  3.6848
  3.7787
  3.7893
  3.9570
  3.7665
  1.7440
  1.9231
  6.5309
  7.5640
  7.8696
  6.6896
  6.0893
  6.7038
  6.3922
  7.8836
  7.5332
  7.3727
  2.6302
  2.3187
  3.4409
  6.7814
  1.1516
  1.3387
  2.3399
  0.1301
  9.6338
 11.6782
  1.2236
  1.1522
  1.8676
  1.4316
 12.9806
  1.6049
 12.0458
  1.9763
  1.4527
  1.2008
  5.4390
  1.8002
  5.6837
  1.0737
  1.9591
  5.2030
  5.9341
  5.7803
 12.6729
  1.3583
  1.0100
  1.6728
  1.0862
  1.7459
  5.5664
  1.0363
  2.2727
  4.9143
  4.3954
  4.2727
  1.7524
  1.6660
  3.3020
  1.6407
  3.4163
  1.3674
  1.7429
  1.0487
  1.4464
 13.3601
  9.8104
  1.2170
  1.5238
  1.8240
  1.6970
  8.7602
  8.1220
  8.9332
  8.5832
  8.9130
  2.3490
  2.4124
  2.8011
  2.9435
  2.3540
  2.2194
  2.3854
  2.9699
  8.3687
  2.4399
  2.9695
  2.1508
  1.6042
  2.8375
  1.0365
  1.8725
  1.2740
  1.6396
  3.9527
  3.6155
  3.3910
  3.1874
  3.9112
  3.7422
  3.5913
  3.4687
  3.0597
  1.1544
  3.0658
  6.8496
  1.1486
  7.6521
  7.0066
  6.8346
  6.8975
  6.1551
  6.4160
  6.6467
  6.4978
  7.8443
  2.7509
  2.6134
  2.0990
  2.3229
  1.7665
  1.0836
  2.7578
  0.5659
 11.0351
 16.3330
 11.7389
  2.1132
 10.4974
  1.9631
  1.8916
  9.2921
  1.4436
  1.8038
  1.1772
  1.2749
  1.8176
  1.5390
  1.9380
  5.9049
  1.4663
  5.3050
  5.0380
  5.9345
  5.4303
  1.0267
  1.6614
  9.5938
  5.1630
  5.9148
  5.3448
  5.3397
  1.0929
  7.0593
  1.3973
  4.9601
  4.5245
  1.7157
  1.5245
  1.4595
  3.1010
  1.6143
  1.8953
  1.7071
  1.6662
  1.2429
  1.4657
  1.1396
  1.9147
  1.8503
  1.7122
  1.2500
  8.2775
  2.5785
  8.9009
  8.2716
  8.4876
  2.1967
  2.2522
  2.1016
  2.4715
  2.2865
  2.4521
  5.1924
  2.4643
  8.9061
  2.4013
  2.2979
  1.9129
  2.1920
  2.4307
  1.3623
  1.4648
  1.6395
  1.7052
  1.8158
  3.4079
  3.1675
  3.4719
  3.8816
  3.6273
  3.8659
  3.8510
  3.4272
  3.5960
  1.3593
  1.0847
  1.4625
  7.2430
  0.2929
  7.2115
  6.0335
  6.1182
  6.7557
  6.7164
  6.6429
  2.5245
  2.9109
  7.1322
  7.3298
  2.5407
  1.2380
  1.7422
  1.1504
  0.4147
  0.3444
  1.6843
  1.9208
  1.7717
  1.2312
  1.8977
  9.4557
  9.8615
  1.2630
  3.5669
  1.0895
  1.5905
  1.2539
  5.3590
  5.9513
  6.3522
  5.9392
  5.2370
  1.7247
  5.7906
  1.3901
  1.7178
  9.4856
 15.2321
  5.4322
  5.9569
  5.7646
  5.8373
  1.0051
  1.0353
  1.7221
  4.6278
  1.5920
  1.5746
  1.7815
  1.3772
  1.6908
  1.3276
  1.1854
  1.6045
  1.3594
 13.7311
 25.0946
 10.4580
  1.9268
  1.6534
  1.1964
  2.0044
  8.2457
  2.9703
  1.2648
  8.6074
  8.0451
  2.8281
  2.7278
  2.6024
  2.8948
  2.6809
  2.8730
  2.2538
  2.2341
  2.1057
  2.2654
  1.0683
  2.2076
  8.8184
  2.8725
  1.9218
  1.8357
  1.8549
  1.4663
  3.9823
  1.9805
  3.1642
  3.6716
  3.1201
  3.3971
  3.5875
  3.0100
  3.2827
  3.2258
  1.8723
  1.3161
  7.2136
  7.4375
  7.6287
  7.5522
  6.2590
  6.2246
  6.4974
  6.1615
  6.9132
  7.8696
  7.3750
  7.1404
  2.2365
  2.2663
  2.5490
  1.5953
  1.9710
  0.3352
  1.8835
  1.9647
 10.7531
 12.9248
  1.7888
 11.5593
 10.7558
  1.6073
  1.4530
  1.4871
  1.0708
  1.0271
  1.7286
  5.2554
  5.4873
  5.1367
  5.1301
  5.1751
  1.2137
  1.2307
  1.9102
  1.8810
  5.1470
  1.2488
  5.6202
  5.7473
  5.7591
  1.0192
  2.3552
  1.8565
  4.8262
  1.0508
  4.0647
  1.7184
  1.4805
  1.7909
  1.3576
  1.9469
  1.0865
  1.0256
  1.2344
  1.1534
  1.4193
  9.8504
  1.4485
  1.7044
  8.1778
  8.0270
  8.9562
  8.4499
  8.3017
  8.0903
  8.0949
  2.9500
  2.1814
  2.5450
  2.5086
  2.4681
  2.9938
  2.4811
  8.1790
  2.1184
  2.7722
  8.2899
  1.1950
  1.7369
  8.6025
  1.3545
  1.8915
  5.4249
  1.9947
  1.4162
  3.1459
  3.6715
  3.5961
  3.8124
  3.7042
  3.6824
  3.7028
  1.5422
  3.1556
  1.9467
  6.7055
  7.8721
  7.3879
  7.5476
  6.4723
  6.1082
  6.3007
  6.4702
  6.0214
  6.7409
  7.7959
  7.5526
 10.3005
  7.6131
  2.0282
  2.4835
 11.0355
  1.1499
 14.9812
 20.9121
 11.0053
  1.3340
 12.4129
  1.0688
  1.4463
  1.2539
  1.9646
  1.0565
  1.3478
  1.6300
  1.4052
  1.9045
  5.0070
  1.4408
  5.6202
  5.3700
  5.5851
  5.3334
  5.3981
  5.0086
  1.2540
  1.0495
 11.6320
  5.8659
  5.8421
  5.7892
  1.9170
  1.0210
  1.2653
  1.9718
  4.7448
  4.5908
  1.5841
  1.2922
  1.4399
  1.6282
  1.3675
  1.7957
  1.4969
  1.4292
  1.2267
  9.7088
  1.4364
 11.2393
  1.8353
  8.6231
  2.4655
  2.2905
  8.1256
  8.4643
  8.7039
  2.4250
  2.8617
  2.8610
  2.7447
  2.3205
  2.8063
  2.6449
  2.2495
  8.0514
  2.4043
  8.7415
  8.8684
  8.6396
  2.3497
  8.0041
  1.5685
  1.5496
  1.4542
  1.6797
  1.9247
  1.0279
  5.1463
  3.5433
  3.6253
  3.1620
  3.4498
  3.6343
  3.7113
  1.3983
  1.1585
  1.5222
  1.3027
  7.7435
  7.9849
  6.8685
  6.2802
  6.8972
  6.9400
  0.8896
  6.9497
  7.6565
  7.7726
  7.9308
 24.0012
  2.0074
  2.1002
  1.5816
  2.3729
 10.4452
  9.2633
 14.3143
  1.6597
  1.1594
  1.8620
 11.7317
  9.9941
  1.0091
  1.9215
  3.0025
  1.2437
  1.7496
  1.4821
  6.6268
  5.4982
  1.1106
  5.9947
  5.7138
  5.2718
  5.0178
  5.4980
  5.7083
  8.6535
  1.2496
  5.2352
  5.7817
  5.8837
  2.9158
  1.6506
  1.2646
  1.5789
  4.9078
  1.4136
  1.4952
  1.7658
  1.0634
  1.9558
  1.5011
  1.2658
  1.4306
  1.9805
  1.2739
 14.0388
 11.5273
  2.6969
  2.4487
  1.5541
  8.6832
  8.4590
  8.0665
  8.0552
  2.3480
  2.0664
  2.9816
  2.4268
  2.1077
  2.7841
 10.2080
  2.5549
  1.1506
  8.6743
  1.5361
  8.5870
  8.7708
  2.3887
  2.6382
  8.5408
  2.3876
  1.6172
  1.4434
  1.3894
  1.4523
  3.4230
  1.8405
  3.1332
  3.8980
  3.6193
  3.3991
  3.6176
  3.5739
  1.5009
  1.9808
  6.7202
  1.1986
  7.7545
  7.3881
  6.2074
  6.3375
  6.1261
  0.5525
  0.9865
  7.3710
  1.5488
  7.7630
  7.1881
  2.1786
 12.7870
  9.3092
 10.9924
 11.9896
  9.5797
 12.7456
  1.2012
 11.0661
  9.4120
 10.5310
  1.6662
 12.1241
  1.6827
  1.6152
  1.7290
  1.3050
  1.5861
  1.3968
  5.0664
  1.7418
  1.6060
  5.2651
  5.2736
  5.4291
  5.3434
  1.4342
  1.7179
  5.2178
  1.8502
  5.7521
  5.1504
  5.4651
  1.4021
  2.8441
  1.1089
  4.2529
  1.3424
  1.8110
  1.9545
  1.7490
  1.8744
  1.3369
  1.2292
  1.3191
  1.4818
  1.4152
  1.9294
  1.6383
 21.0985
  2.4626
  1.0173
  1.2594
  8.4169
  8.3301
  2.2794
  8.1346
  8.3595
  2.8232
  2.3083
  2.4937
  2.1842
  2.8240
  2.8937
  2.4984
  2.5866
  8.6358
  8.3744
  8.6910
  8.7163
  8.6829
  8.7472
  2.0650
  2.6000
  1.7653
  1.3517
  1.7141
  1.7229
  1.4715
  5.5472
  3.3242
  1.6671
  3.4298
  3.9011
  3.7305
  1.0511
  1.0791
  1.4354
  1.3447
  1.1015
  7.5055
  6.1096
  0.6735
  6.9958
  6.0399
  6.3231
  6.7998
  7.2667
  7.0225
  7.6287
  7.8218
  2.5100
  2.0552
  2.5197
 18.4950
 17.6329
 13.1616
  1.6088
 22.2380
 11.5950
 14.4976
 13.6206
 10.0186
  1.6480
  1.8241
  1.0261
  1.2312
  1.6972
  1.1757
  1.5517
  1.2142
  1.9935
  1.6070
  5.3979
  5.2418
  5.5988
  1.5317
  5.5201
  1.4883
  1.7416
  5.0843
  5.2126
  1.5258
  5.8465
  5.1619
  2.8286
  1.0581
  4.7569
  1.9118
  4.2651
  4.2477
  1.4113
  1.1644
  1.9302
  1.1169
  1.5197
  1.2729
  1.2432
 10.9074
  1.0350
 16.3247
  8.9650
  1.5129
  8.7523
  2.0355
  2.9717
  8.3917
  2.5413
  1.3499
  2.1626
  2.0516
  2.5683
  2.1258
  2.5823
  2.3787
  2.6991
  2.6909
  8.6784
  8.7191
  8.7411
  8.2540
  8.3985
  2.0889
  8.5067
  1.8965
  1.6880
  5.1436
  1.8727
  1.8655
  1.1282
  5.7434
  5.1105
  3.2175
  3.7952
  3.4189
  3.0442
  1.4134
  1.3724
  6.4354
  6.2018
  1.6227
  1.2993
  7.9027
  2.8065
  6.1922
  7.2266
  7.0297
  7.1189
  1.8407
  1.2411
  7.9480
  2.3037
  2.4276
  2.1096
 13.7423
 11.0779
  9.2234
 23.2882
  1.4961
 11.5757
 12.5214
  1.1718
 17.1503
  9.9067
 11.6204
  1.7483
  1.2863
  1.9548
  0.2782
  1.7085
  6.2799
  6.5687
  1.2257
  5.5366
  5.8589
  5.3892
  5.5661
  1.4431
  1.9162
  5.7948
  1.3220
  1.5477
  5.9133
  1.0656
  5.2345
  5.6311
  5.6036
  1.1035
  1.1018
  4.2996
  1.8661
  1.1551
  1.3267
  1.2005
  1.1132
  1.1274
  1.2691
  1.8008
  1.4078
  1.9412
  1.5342
  9.4237
  8.4173
  2.9402
  8.9255
  1.7449
  2.9273
  2.3635
  1.1430
  2.7727
  2.9524
  2.7254
  2.1632
  2.1949
  2.6273
  2.7715
  2.6114
  2.0193
  8.8771
  8.5163
  8.1664
  8.4359
  8.3084
  8.5302
  2.6777
  1.5755
  5.3492
  1.4573
  1.6979
  1.6411
  5.4992
  1.3427
  5.7960
  3.3910
  3.7514
  3.9373
  3.2442
  1.8792
  1.0378
  1.6874
  6.9248
  1.6047
  7.7355
  7.1512
  0.3766
  6.4790
  0.0228
  0.6067
  7.4929
  1.4928
  1.0957
  1.3102
  7.0483
  2.0033
  2.1023
 10.4560
  1.2812
 13.0198
 10.7606
  9.1160
 10.8135
 10.9000
 10.0827
  1.2725
 19.8680
  9.3685
  1.1689
  1.8073
  3.3707
  0.5956
  3.9958
  5.4469
  1.3142
  1.0407
  5.9417
  5.7172
  5.1129
  5.0887
  5.6189
  5.5649
  1.5941
  1.2069
  5.7544
  5.1322
  5.1833
  5.6081
  1.0801
  5.9853
  5.4248
  7.5480
  1.0069
  1.1726
  4.6728
  1.4281
  1.0534
  1.1107
  1.9528
  1.8825
  1.8845
  9.7797
  9.7926
  8.3019
  8.7490
  8.0171
  8.9063
  2.6762
  8.5347
  8.3382
  2.0408
  1.4390
  2.0765
  1.1890
  2.9386
  2.8715
  2.9890
  2.6873
  2.0216
  1.6120
  1.8352
  8.8234
  2.8535
  8.4608
  8.0819
  8.3141
  8.7678
  5.8325
  2.9001
  5.7355
  1.5080
  1.6885
  1.9595
  3.6495
  5.3987
  1.7479
  3.9316
  3.6910
  1.3318
  1.3863
  1.6748
  1.4717
  6.4500
  1.7237
  3.4194
  7.9598
  7.4091
  0.0262
  0.6094
  0.0355
  6.3394
  7.7468
  7.0632
  7.1575
  1.6110
  7.7047
  2.8691
 11.2914
  9.4499
 18.0017
 11.1527
 11.3454
 12.9288
  9.5855
 20.1254
  1.1761
  1.8603
  1.5471
 15.7784
 10.0190
  1.0346
  0.9550
  0.5766
  1.6578
  1.8787
  1.8870
  1.5124
  1.4919
  5.9952
  5.8642
  1.4853
  5.6141
  1.2282
  5.8811
  1.9618
  1.8738
  5.1625
  5.9109
  5.7914
  1.7382
  1.7826
  7.0613
  5.7535
  1.5317
  1.0899
  1.1133
  1.2719
  1.5656
  1.3966
  1.1915
  1.8584
  1.3302
 10.8682
  9.7847
  8.5057
  8.4335
  8.0618
  8.2427
  1.6763
  8.6432
  2.5207
  1.7510
  2.5381
  2.7683
  1.0378
  2.2771
  2.4171
  2.7835
  2.6335
  1.8866
  2.9674
  1.4799
  8.1693
  8.1033
  8.3577
  8.7166
  8.6838
  5.1179
  2.7060
  5.6515
  5.0537
  1.2967
  5.2658
  5.8725
  5.4668
  3.2244
  5.5796
  3.6391
  3.7142
  1.1477
  1.8631
  1.3316
  1.4146
  1.9818
  1.5126
  1.2018
  1.4262
  0.3912
  0.3196
  0.5267
  0.8440
  1.5070
  7.5736
  1.2256
  1.9091
  7.7152
  2.3472
 11.6245
  1.2358
 10.7908
 11.0256
 30.0000
 13.7904
 10.4520
 11.5279
  9.5618
 11.5396
 15.6340
  1.2157
 11.3911
  3.6981
  1.0589
  0.3254
  0.9308
  3.9967
  5.2250
  1.0993
  1.6131
  5.5427
  5.3356
  5.0161
  5.5051
  1.0834
  1.1318
  1.6193
  1.4986
  5.8159
  5.7903
  5.9468
  5.0057
  5.1510
  5.3351
  2.7185
  4.2287
  5.4384
  1.7280
  6.5182
  1.0341
  1.7898
  1.7508
  1.9459
  1.1416
  1.0918
  1.2506
 12.3515
  8.0216
  8.2453
  8.5444
  2.1359
  1.5363
  8.0951
  8.0229
  2.5722
  1.4095
  2.5446
  2.3141
  2.9814
  2.7479
  2.2818
  2.3437
  2.9327
  1.3913
  1.4688
  2.5732
  8.6164
  8.1178
  8.0250
  8.0358
  8.1317
  5.8293
  5.3544
  5.4403
  1.8948
  3.0151
  5.8213
  5.2522
  5.2637
  5.8309
  3.3917
  1.3610
  1.7998
  1.7329
  1.9769
  1.9631
  1.4800
  1.3940
  1.7973
  7.5475
  1.9174
  0.1341
  0.0231
  0.1350
  7.0328
  7.5615
  7.6682
  1.9615
  2.7165
  1.4003
  1.6316
 10.5851
  9.1588
 22.6020
  9.0830
 10.0036
  9.0490
 11.6174
  9.9751
  9.8187
 16.9849
  2.0777
  0.6908
  1.6754
  3.7960
  3.8145
  0.1517
  1.0036
  1.0925
  1.4022
  3.2406
  3.3551
  5.5221
  3.1665
  1.3487
  5.7811
  1.5597
  1.9253
  1.9443
  5.2153
  5.3436
  5.1490
  1.7126
  5.5991
  5.0751
  5.8303
  5.4579
  1.2497
  5.3104
  1.0651
  1.2714
  1.3834
  1.6067
  1.1294
  1.6037
  1.5248
 11.3684
 10.5368
  2.1743
  2.0966
  2.7657
  2.1893
  8.7539
  2.8450
  2.9325
  1.9988
  2.2531
  1.6779
  1.3516
  2.0693
  2.2180
  2.2044
  2.6620
  1.7682
  2.3280
  1.1739
  8.0658
  2.7354
  8.7090
  8.9388
  8.1916
  8.4543
  5.5660
  1.3260
  5.4293
  1.9962
  5.6974
  5.0138
  5.7440
  5.0014
  5.5486
  1.6747
  3.2326
  1.6074
  3.3932
  1.6485
  1.9350
  1.9697
  1.7182
  7.9115
  7.8339
  1.2818
  0.9498
  0.5376
  0.6466
  1.5146
  7.7618
  1.0318
  1.9118
  7.4405
  0.7719
 17.3456
  9.6188
 12.8301
 12.3495
 11.4830
 15.5413
 11.6474
  2.9373
 10.1896
 11.5894
  2.4140
  0.9926
  0.8077
  0.9446
  3.7335
  1.4633
  1.0012
  0.3932
  1.6792
  3.7815
  5.3095
  5.6661
  1.4604
  5.0637
  1.0963
  5.7991
  5.2797
  1.1408
  5.9526
  1.7878
  5.3604
  5.7884
  5.2762
  5.8819
  1.4086
  1.6119
  5.5055
  1.2319
  8.0637
  6.6854
  1.9754
  1.8475
  1.9938
  1.8695
  1.4328
  1.7755
 10.2388
  2.0551
 14.2310
  8.1253
  2.2595
  8.5812
  2.2942
  2.4456
  2.8728
  2.7187
  2.1114
  2.1419
  1.3903
  2.5022
  2.5397
  2.5371
  2.2108
  2.0004
  1.1546
  1.4572
  8.1045
  8.4452
  8.8746
  8.4415
  2.4143
  2.5728
  5.1709
  5.7799
  1.4252
  5.1574
  5.2856
  5.8093
  3.7115
  5.0028
  3.1671
  1.8722
  1.5828
  1.0516
  3.7524
  1.4494
  1.7857
  1.4315
  1.0741
  7.0830
  1.2197
  0.9040
  0.7909
  0.0763
  0.7122
  1.3254
  7.8601
  7.7501
  0.9440
  1.1058
  7.9645
 11.6126
  7.3765
 11.4924
 13.3698
  1.5945
 21.0813
  2.6040
  2.7572
  2.3410
  2.5598
  0.9477
  1.8794
  3.6582
  0.1380
  1.1001
  1.4981
  0.5270
  3.7448
  1.8566
  1.4975
  3.5247
  1.8112
  1.6054
  1.2526
  2.5105
  2.9762
  1.6558
  1.2721
  5.4131
  5.2687
  5.2234
  5.4878
  5.8665
  5.2194
  4.8939
  4.2786
  5.3945
  5.5792
  5.9144
  1.5626
  1.1312
  1.1317
  1.5059
  8.8528
  8.2494
  1.9896
 10.4977
  1.0465
 10.5084
  8.1406
  2.8433
  2.3916
  1.8973
  2.9688
  2.4117
  1.3149
  1.3016
  2.5056
  1.4695
  2.1863
  2.8435
  2.6107
  2.1065
  2.6099
  2.5247
  1.3632
  8.8865
  8.1009
  8.0367
  8.5962
  8.6894
  8.2731
  2.6789
  5.7352
  5.3223
  1.7861
  5.7348
  5.6263
  5.4118
  5.1408
  5.4600
  5.0565
  1.8837
  1.0896
  1.0621
  1.0999
  1.6674
  7.6950
  1.7752
  1.3451
  0.8228
  0.5414
  0.6475
  0.6918
  1.3827
  1.6500
  7.2962
  7.0259
  1.1396
  2.0431
  0.7021
 10.2299
  7.5854
 12.0946
 10.4559
 11.0781
  9.9126
 30.0000
 10.6661
  2.5503
  1.4316
  0.5856
  1.7678
  1.6050
  0.6585
  3.5570
  1.3039
  1.5337
  1.4176
  0.7122
  3.5840
  3.4182
  1.3300
  5.7519
  1.5628
  2.7976
  5.4976
  1.5013
  8.8287
  5.7033
  5.5408
  5.6406
  5.1896
  5.0773
  5.8010
  1.0668
  1.2855
  5.2566
  5.6265
  1.8763
  1.9638
  1.8121
  1.8422
  1.5923
  1.4617
  1.1835
  1.3777
 14.0466
 14.2205
  1.7673
  9.0408
  9.3654
 10.2980
  8.1694
  8.3448
  2.3108
  2.9504
  2.1561
  2.5819
  2.5416
  2.4140
  2.5361
  2.6182
  1.8080
  1.4346
  2.9974
  1.1265
  1.6802
  8.3891
  8.7622
  8.7065
  8.1682
  8.4296
  1.5225
  5.9371
  5.3274
  5.6655
  5.9979
  5.0603
  3.3927
  5.8915
  1.6080
  1.1685
  1.6344
  1.0713
  1.6367
  6.4010
  1.8325
  7.3850
  1.7305
  1.0311
  1.3301
  0.9371
  0.2695
  0.2295
  0.1650
  1.7369
  7.8265
  7.6500
  1.0870
  0.6552
  0.9992
  7.2573
  1.3885
 11.9983
 16.1893
 10.0519
 11.0588
  1.8351
  2.1174
  0.0941
  1.5692
  1.2635
  1.7596
  0.5017
  1.7352
  1.3875
  1.8883
  1.4576
  0.4542
  3.6853
  3.1723
  5.8596
  5.4241
  1.0104
  3.6105
  1.0213
  5.4842
  8.6694
  5.9501
  5.9815
  4.0488
  5.0114
  5.1777
  5.4342
  5.2425
  5.5354
  5.8707
  5.0428
  5.1597
  1.2202
  1.0638
  1.9013
  1.6096
  1.9023
  1.3730
  1.0038
  1.9747
  8.1430
  2.9417
  2.2727
  2.2606
  9.4902
 10.2935
  8.7494
  8.6424
  2.3455
  2.8434
  2.1891
  2.4207
  2.0104
  2.7707
  2.0935
  2.4163
  1.0902
  2.6121
  1.2813
  1.5395
  8.8917
  8.8315
  8.9013
  8.2634
  8.8345
  8.3777
  8.2738
  5.6355
  5.1529
  5.5835
  5.8097
  5.5203
  5.5690
  5.5360
  5.7091
  1.5010
  1.2630
  1.6171
  1.7024
  6.4167
  1.8440
  7.8511
  1.9999
  1.6594
  1.4955
  0.7750
  0.4761
  0.6442
  0.5274
  1.3745
  7.7058
  7.4584
  0.5071
  2.7685
  7.5978
  7.9506
 10.9194
  4.2593
  1.4642
 11.6677
  9.3536
  2.1218
  0.2468
  1.2265
  1.2048
  1.3830
  1.8847
  1.5832
  1.1067
  1.5970
  3.4276
  1.5891
  3.9151
  0.7485
  3.1039
  3.4467
  5.8978
  5.1270
  3.2486
  8.4796
  8.7267
  5.3800
  5.6839
  5.8934
  5.9830
  5.1457
  5.8243
  5.3390
  5.5020
  5.8453
  5.9433
  5.2752
  8.9678
  1.4286
  1.4323
  1.3139
  1.8618
  8.4220
  8.8664
  8.2913
  8.8139
  8.8047
  2.6958
 12.4064
  2.8310
  2.1958
 10.3459
  8.0964
  2.6037
  2.5810
  1.5097
  1.8640
  2.0653
  2.2536
  2.1478
  2.9263
  2.6056
  2.3428
  1.7924
  1.1176
  1.8450
  1.9064
  8.4219
  8.7232
  8.0497
  8.5800
  1.5790
 10.4015
  1.6869
  5.0948
  5.4474
  5.0619
  5.0726
  5.0569
  5.4889
  1.3535
  1.4127
  1.3470
  1.2361
  1.6465
  7.6102
  1.4597
  7.4277
  1.0983
  1.3056
  1.4725
  0.7867
  0.2319
  0.3166
  0.2124
  0.8665
  7.3318
  0.1773
  0.3057
  2.1765
  7.1448
  7.2941
 10.1407
  4.9908
 15.2700
  9.1123
  9.6130
  0.1737
  0.2241
  1.7297
  0.9807
  1.6753
  1.2718
  1.9713
  1.0294
  1.1192
  1.8816
  3.1280
  3.8613
  3.7705
  1.8487
  3.0135
  1.0992
  1.5192
  1.3119
  1.7508
  5.7152
  5.5069
  5.5436
  5.2279
  5.3946
  5.3567
  5.2870
  5.7169
  5.8435
  5.1279
  5.1890
  5.4350
  4.7158
  8.5771
 11.9595
  1.3447
  1.8173
  1.6648
  1.3948
  8.5072
  8.2187
  2.3771
  8.1441
  1.5827
  1.7615
  9.2167
 10.1945
 14.4038
  8.8550
  8.0388
  2.6701
  6.2133
  2.7129
  1.2780
  1.8943
  2.1486
  2.5751
  1.2474
  1.0366
  1.2391
  8.5315
  8.5013
  8.3678
  8.0543
  8.8539
  8.8987
  8.2474
  1.7413
  5.6992
  5.9949
  5.3455
  5.5842
  5.8157
  5.6704
  5.6696
  1.3887
  1.6490
  1.3746
  1.8756
  1.2332
  7.6188
  1.4995
  7.9369
  7.2685
  0.2284
  1.9130
  0.5213
  0.4360
  0.0568
  0.0408
  7.9191
  0.6805
  7.9618
  0.3639
  2.0367
  0.3804
  7.0399
 30.0000
 20.2937
 30.0000
 13.9875
  0.2927
  0.6498
  0.2056
  1.9025
  1.8877
  1.7486
  1.5435
  1.4991
  1.5932
  1.9165
  3.4698
  3.1570
  6.0438
  1.8524
  3.9481
  1.1279
  1.7541
  5.5727
  5.7695
  5.5221
  8.6981
  5.2066
  5.6909
  5.8076
  8.3521
  5.8741
  8.6693
  5.8504
  5.5135
  5.1642
  8.0229
  5.3692
  8.9574
  1.5175
  3.0856
  3.0963
  8.7643
  1.6020
  1.5403
  8.0516
  8.6859
  8.2838
  8.4309
  2.5225
  9.4927
  2.1905
  2.6259
  9.0857
  2.7540
  2.2792
  1.6922
  6.3636
  2.5788
  1.4434
  2.8418
  2.1377
  2.2788
  1.2955
  1.4301
  1.1016
  8.2733
  8.2397
  8.4155
  8.7873
  8.5295
  8.7099
  5.8574
  1.6647
  5.5972
  5.2866
  5.8453
  5.5692
  5.3517
  5.3879
  1.4816
  1.4679
  1.8548
  1.0990
  1.8234
  7.6029
  7.1970
  7.2620
  1.8096
  1.7459
  0.8662
  0.4572
  0.4651
  0.1842
  0.2832
  0.0837
  0.7599
  0.8341
  0.8833
  0.1766
  0.4577
  7.6522
  7.5121
  7.2528
  7.0253
 11.8253
  0.0143
  0.2011
  0.2207
  0.4126
  0.9457
  0.4414
  1.2908
  1.3130
  3.6989
  1.0127
  1.0678
  0.1375
  6.9569
  6.7994
  3.3369
  1.7372
  3.9339
  1.1615
  1.4287
  3.9355
  8.7223
  5.8700
  5.0549
  5.2016
  5.6060
  5.0690
  5.7807
  8.1265
  5.6577
  5.5515
  5.5880
  5.0933
  5.7245
  8.3470
  1.4674
  1.3752
  8.8751
  1.8856
  1.5672
 14.3724
  8.0011
 10.9466
  8.6075
  1.4961
  2.7971
  2.8640
  2.1217
  8.9612
  6.2155
  2.9985
  2.4980
  1.0920
  2.5629
  2.2570
  2.6076
  1.7329
  1.9961
  2.4510
  2.5690
  1.5029
  1.2277
  8.8586
  8.2182
  8.1204
  8.9826
  8.9398
  8.6713
  5.3404
  5.4403
  5.1503
  5.7165
  5.4151
  5.9870
  5.1930
  5.3202
  5.0529
  1.1281
  1.4870
  1.6284
  1.3588
  7.8237
  7.8112
  7.4966
  7.0269
  0.9229
  6.2748
  0.6689
  0.2883
  0.4021
  0.7249
  0.0016
  7.9399
  0.3272
  0.5253
  0.5279
  2.1666
  7.9749
  7.1235
 11.7581
  7.9425
  1.7506
  0.1881
  0.1215
  0.1883
  0.2256
  0.5566
  0.3074
  1.6156
  1.4046
  0.0933
  3.8260
  1.5137
  3.6229
  6.4429
  6.5589
  3.2336
  3.8541
  3.1388
  1.9573
  1.5032
  5.0037
  5.7329
  5.1572
  5.6296
  5.5055
  8.7276
  5.2072
  8.6966
  8.0091
  5.5573
  5.7824
  5.8457
  5.6813
  8.2948
  4.9457
  8.6757
  1.7572
  8.0578
  1.4281
  1.6217
  1.8406
  8.9366
  8.4801
  2.9601
  8.3555
  1.2191
  2.5732
  2.6824
  2.4289
  2.1688
  2.3976
  2.2449
  6.5323
  2.7311
  1.1205
  1.9166
  1.1847
  2.1904
  2.2162
  1.3431
  1.2185
  1.6204
  8.2456
  1.8925
  8.0297
  8.0290
  8.5476
  5.5880
  1.3767
  5.4288
  5.9388
  5.4579
  1.0980
  1.0727
  5.4411
  1.3218
  1.4233
  1.9760
  1.3497
  1.0376
  1.3456
  7.3241
  7.0366
  7.5653
  6.0536
  1.9857
  1.7520
  6.3682
  0.2421
  0.3023
  0.5311
  0.1211
  0.9394
  0.9100
  0.3319
  0.0220
  0.9505
  0.2470
  7.6874
  9.9765
  0.4406
  0.1777
  0.0657
  0.4238
  0.2738
  0.4345
  0.2617
  0.0987
  0.7954
  0.8242
  0.1372
  3.9011
  3.6281
  3.3086
  6.3963
  1.0547
  1.8236
  3.6421
  1.8967
  3.2374
  3.7149
  1.8255
  8.8438
  8.0293
  5.6748
  5.2853
  8.3346
  8.2608
  5.9676
  8.9652
  5.3753
  5.5429
  5.0089
  8.0683
  5.5467
  5.0828
  1.9856
  8.7604
  8.3108
  1.5503
  1.3561
  1.6773
  8.4526
  8.7573
 11.5679
  1.5577
 11.6110
  1.2420
  1.4085
  1.8407
  2.4838
  2.2869
  2.9210
  2.4896
  2.4134
  2.5413
  1.9933
  1.6298
  2.2439
  2.7637
  8.0730
  8.2508
  1.3997
  8.3774
  8.6570
  8.1203
  8.5985
  8.3724
  1.9837
  5.6491
  5.8773
  5.4741
  5.6063
  5.0800
  5.2920
  1.1152
  1.8807
  1.1660
  1.4587
  1.2167
  1.1643
  1.9258
  7.0101
  7.2546
  6.1705
  7.4710
  6.7100
  7.9539
  0.2404
  0.3942
  0.2784
  0.5350
  0.1943
  0.7428
  0.1733
  7.1451
  0.5697
  0.0720
  7.4077
  9.8967
  0.2206
  0.6688
  1.1720
  0.5132
  0.8018
  0.3991
  1.3520
  0.0879
  0.6955
  0.4043
  1.1037
  3.1797
  3.7028
  3.5491
  3.4221
  6.7371
  1.8987
  1.7062
  1.7570
  3.3315
  1.8183
  5.4260
  5.7711
  5.3506
  5.7285
  5.8604
  5.3960
  8.3057
  8.1838
  5.6470
  5.0852
  5.4148
  8.4013
  5.1912
  8.4624
  8.5244
  8.7877
  1.0182
  3.9601
  8.8350
  1.8029
  1.1031
  8.3003
  8.4933
  9.1979
 13.4483
  8.9143
  1.9470
  2.7216
  1.5332
  1.9961
  2.8760
  2.3047
  2.0103
  2.0436
  1.1144
  2.3023
  2.2378
  1.4848
  2.2459
  2.1808
  2.0190
  1.8041
  8.9276
  8.2940
  8.9559
  8.4876
  8.9506
  8.2704
  8.2362
  5.3809
  5.2669
  1.5002
  5.8770
  1.0510
  1.4420
  5.4731
  1.7907
  1.4040
  1.8907
  1.6305
  1.7050
  1.1633
  7.1010
  7.9446
  7.9542
  6.1687
  7.7480
  7.1761
  7.5686
  0.5229
  0.2679
  0.1321
  0.2656
  6.8011
  0.0649
  0.6618
  7.2275
  3.7004
  0.0171
  1.4309
  0.7050
  1.6957
  0.7753
  0.7570
  0.6537
  0.6018
  0.6043
  0.7179
  1.6114
  1.1210
  1.4522
  1.9560
  3.2066
  3.6678
  1.9958
  6.3490
  3.6409
  1.3705
  1.8667
  3.6099
  1.0936
  5.4851
  5.0712
  5.4494
  5.4597
  5.9655
  5.5656
  8.2317
  8.1770
  5.7426
  5.2212
  5.5900
  5.9215
  5.8212
  8.7641
  8.0287
  8.5545
  8.8269
  8.0754
  8.3957
  1.2497
  8.7202
  9.0319
  8.7620
  8.7311
 10.6230
  9.8885
  1.5739
  1.8823
  2.9016
  2.7285
  2.5382
  3.6661
  2.6888
  2.6951
  2.4113
  6.9500
  2.3676
  1.1833
  1.7833
  1.0805
  1.8312
  1.1907
  8.0339
  8.9819
  8.0980
  8.6216
  1.0299
  0.3794
  5.3315
  5.0997
  1.8776
  5.0577
  1.8936
  5.0959
  1.8941
  1.4885
  1.5192
  1.4058
  9.6261
  1.9752
  1.8122
  1.0577
  1.2392
  7.2409
  6.0373
  6.7760
  6.7927
  7.9315
  6.1987
  7.4519
  3.4520
  0.3773
  6.2710
  0.5348
  7.5028
  0.3859
  0.4585
  7.8014
  1.2647
  1.7876
  0.1173
  1.8860
  0.3005
  0.5467
  1.9055
  0.0688
  0.3631
  0.1131
  1.1727
  1.4091
  1.4768
  1.1917
  3.2309
  3.2941
  3.6655
  6.0250
  6.8506
  1.2701
  3.3645
  3.4650
  3.5862
  1.2688
  3.2950
  8.9356
  8.1180
  5.5186
  8.5426
  8.4050
  5.6728
  8.3653
  5.8720
 11.4909
  5.0746
  5.4738
  5.0848
  8.5053
  8.0098
  8.9793
  1.8749
  8.4819
  1.6322
  8.1300
  1.4820
 27.7509
 10.4660
  8.5059
  8.7699
  9.1551
  2.5276
  1.6925
  2.0682
  2.6658
  2.2224
  2.4182
  6.3483
  1.4380
  2.8620
  2.1618
  6.7673
  1.2204
  8.5492
  8.4137
  8.4489
  1.1603
  8.2992
  8.8927
  8.7851
  8.6199
  8.1671
  5.0947
  5.6761
  1.4381
  5.8375
  5.3486
  5.1736
  1.6216
  1.6972
  1.6952
  1.7114
  1.4413
  1.5212
  1.8761
  1.8880
  7.4114
  6.0925
  7.8341
  6.3341
  6.7557
  6.3855
  0.5393
  0.0192
  0.3365
  0.8910
  8.3724
  0.8720
  0.6632
  0.6160
  0.8026
  1.8742
  0.3276
  1.1186
  0.8268
  1.2606
  1.2544
  0.9189
  0.5659
  0.5657
  0.1895
  0.0807
  1.8864
  1.5459
  1.5167
  3.1368
  3.1640
  3.4341
  3.2972
  1.7253
  6.0302
  3.9752
  1.5448
  3.2143
  3.3011
  3.2957
  5.2570
  5.5573
  8.0465
  8.5905
  8.0279
  8.6290
  8.3844
  5.0170
 13.3114
  5.9524
  5.7392
  5.7646
  5.6789
  5.1637
  8.8907
  1.8043
  8.9411
  8.1789
  1.6114
  8.1483
  9.0867
  1.2460
  2.2803
 10.5401
  8.2913
  1.7863
  2.7995
  1.4768
  2.4804
  2.9960
  2.3697
  1.4563
  6.5674
  1.8091
  6.9424
  1.9273
  1.2598
  1.5366
  1.9861
  1.0510
  1.9672
  8.2086
  8.6660
  8.6338
  8.8322
  8.1301
  5.9459
  5.5166
  1.4946
  1.4323
  1.9915
  5.4242
  5.4086
  5.3673
  1.9118
  1.6149
  1.1559
  1.8957
  1.0461
  1.6770
  1.7489
  1.0603
  7.2517
  6.0209
  7.2169
  6.0195
  6.4241
  0.8462
  0.7809
  0.1840
  1.3488
  6.6181
  6.6909
  8.8999
  0.2385
  2.4083
  0.3336
  0.6059
  0.6114
  0.8754
  0.0703
  1.7757
  0.5764
  1.6379
  0.1646
  0.2104
  0.1844
  1.4293
  1.8712
  7.1132
  3.9440
  3.4850
  3.8382
  3.7942
  6.7410
  3.0402
  1.8206
  1.6577
  3.8719
  7.5905
  3.6644
  3.5693
  5.2814
  8.7295
  8.0259
  8.2201
  8.1652
  8.4298
  5.4173
  8.3283
  5.1995
  0.2249
  5.2208
  8.6139
  8.7502
  8.4177
  8.8549
  1.0062
  1.1283
  1.0132
  8.4380
  8.2587
  8.3482
  2.0899
  9.2717
  1.0853
  7.5603
  1.9026
  1.2552
  2.3747
  2.8886
  2.4975
  1.2186
  6.8527
  6.8720
  2.0408
  6.9193
  6.4179
  6.4282
  2.9936
  2.0587
  1.4073
  8.8295
  1.2514
  8.7814
  1.0918
  3.3311
  5.5263
  5.1692
  5.1178
  1.7617
  1.2290
  1.3519
  1.1317
  1.6548
  1.4582
  1.1741
  1.2317
  1.6436
  1.9212
  1.0514
  1.2303
  1.7869
  7.2319
  7.1941
  6.4307
  7.3100
  6.6981
  6.3824
  0.4976
  0.0856
  0.5695
  6.5956
  6.6672
  8.8841
  2.1076
  0.8954
  0.4622
  1.2460
  1.4277
  0.8021
  0.8751
  0.9028
  0.4202
  0.6203
  0.5114
  0.6489
  0.3864
  0.7080
  0.3876
  7.7180
  3.8858
  3.4414
  3.4578
  6.7046
  6.4511
  6.8402
  3.7825
  3.3613
  3.0824
  3.0455
  3.7000
  8.0408
  8.9683
  8.5142
  8.0947
  8.2100
  8.7666
  5.9413
  5.1312
  8.6401
  5.9746
  5.7287
  8.4921
  1.7079
  8.1698
  8.1730
  8.9941
  8.8385
  1.4900
  1.2662
  8.3499
  8.7115
  1.6213
  8.6079
  1.8282
  2.3033
  1.8356
  1.6660
  1.1032
  1.0628
  2.6737
  1.4715
  1.8918
  6.3561
  6.0286
  6.4316
  2.1463
  6.6445
  2.8090
  1.7747
  8.3994
  8.2624
  8.1319
  8.8337
  8.2980
  8.3925
  3.2784
  5.2412
  8.8528
  1.5745
  1.6658
  1.2515
  1.3085
  5.4306
  1.6710
  1.7969
  1.8403
  1.8814
  1.3594
  1.2761
  1.5844
  1.5553
  1.2339
  7.2930
  7.5472
  7.9134
  7.3087
  6.8675
  6.2686
  0.7549
  0.7094
  1.5361
  1.8059
  0.9976
  2.2509
  5.7967
  1.1372
  1.6647
  1.1435
  1.9611
  0.3814
  0.8678
  0.5545
  0.7283
  0.3931
  0.9734
  0.7186
  0.5247
  1.9029
  1.0083
  1.4906
  1.4938
  3.2545
  3.5522
  3.1365
  3.5597
  6.5631
  1.2528
  3.6225
  7.8928
 11.5034
  3.2176
  5.2281
  8.1259
  8.8097
  8.6248
  6.1359
  8.0428
  5.2167
  8.7215
  5.9293
  5.5340
  5.5399
  4.6747
  8.5905
  8.9271
  8.8452
  8.7941
  1.9808
  1.9729
  1.2643
  1.2682
  9.9106
  8.8906
  8.2611
  2.8230
  1.3342
  1.7386
  1.4333
  1.9405
  1.7971
  2.6244
  1.2200
  1.2844
  1.4310
  6.5970
  2.0786
  6.0157
  6.2673
  6.2981
  8.5100
  3.0685
  1.6873
  8.4480
  8.8317
  8.0055
  8.4085
  8.5997
  1.8386
  8.3435
  1.2744
  5.8331
  5.4856
  1.6414
  5.4968
 16.0880
  1.5329
  1.1454
  1.2068
  1.6532
  1.2851
  1.4478
  1.3200
  1.1659
  7.2087
  7.4963
  7.2330
  6.0212
  6.9593
  0.2121
  0.8090
  0.9768
  4.5004
  6.3485
  2.5237
  2.2648
  2.6466
  0.3298
  1.3668
  1.1947
  1.1015
  0.2177
  0.4764
  0.1037
  0.2380
  1.7801
  1.2328
  1.5036
  0.4643
  0.9875
  0.1553
  0.3495
  6.3185
  1.7917
  3.8103
  3.3759
  3.6109
  3.8152
  3.4177
  1.9330
  3.5911
  3.8618
  3.4494
  8.2740
  8.8791
  8.4090
  8.4907
  8.3072
  8.2649
  5.3890
  3.0865
  8.4351
  5.1171
  8.0588
  8.7667
  8.2853
  8.0235
  1.3005
  8.0265
  1.8983
  1.2048
  1.3048
  1.9799
  5.4387
  1.3489
  7.5944
  8.0587
  2.4179
  2.9021
  1.8226
  1.7798
  2.4633
  1.9584
  2.0037
  1.0758
  6.5022
  2.1804
  6.5173
  6.1478
  6.6437
  8.9142
  2.6844
  1.8790
  1.6919
  8.0532
  8.7566
  3.7236
  1.8562
  5.5958
  5.6742
  5.8995
  1.3478
  1.5065
  1.1373
  5.6936
  5.3058
  1.6641
  1.4555
  1.2503
  1.2632
  1.4393
  1.9918
  1.9307
  1.5815
  6.4631
  1.5744
  7.4983
  7.7815
  7.5942
  7.9551
  0.9603
  0.3589
  0.8996
  1.9665
  2.4444
  2.2610
  5.7253
  0.2915
  0.8137
  1.0529
  0.5528
  0.0064
  0.2588
  0.3589
  0.8454
  1.5800
  1.0671
  1.3428
  0.4493
  0.7723
  0.2110
  0.3337
  1.9403
  1.6255
  1.0980
  1.7687
  3.1241
  6.9551
  3.3447
  3.6009
  7.7616
  3.3502
  7.5915
  3.4272
  8.3386
  8.2544
  8.7121
  8.7175
  8.2892
  8.4267
  5.7410
  8.9135
  5.7377
  5.2703
  1.3787
  1.0687
  8.3693
  8.3362
  8.7934
  8.0303
  1.7329
  8.0904
  1.9619
  8.7128
  1.4699
  1.8949
  2.5962
  7.5347
  8.3455
  1.2893
  1.9871
  1.9087
  1.9375
  1.0184
  1.5395
  1.9477
  2.2382
  6.6470
  2.2114
  6.1847
  6.8385
  8.8235
  8.6399
  1.2628
  1.4921
  1.8005
  1.9291
  8.8547
  3.0527
  5.5083
  1.7559
  1.4832
  1.8249
  1.5682
  1.6471
  1.0997
  5.9502
  1.1492
  1.8065
  1.1214
  1.4315
  1.0685
  1.8875
  1.6363
  1.9998
  1.6332
  7.2968
  7.3531
  7.3995
  6.5703
  0.7107
  0.0815
  0.6943
  0.9779
  1.6327
  2.2645
  2.2250
  2.2085
  2.6632
  0.8708
  1.9001
  0.4176
  0.4434
  0.3937
  0.4711
  0.1320
  1.3764
  1.3961
  1.4264
  1.8482
  1.6986
  0.3346
  0.6862
  1.8521
  1.6399
  1.8338
  3.1460
  6.0935
  6.4799
  3.2515
  3.4529
  3.4783
  7.1868
  3.1222
  3.7587
  3.2417
  8.2762
  8.1922
  8.0763
  8.3270
  8.8034
  8.4173
  5.2062
  5.8485
  5.8556
  8.1931
  1.5019
  8.5653
  1.0736
  8.5199
  1.5026
  1.6407
  1.7111
  1.6091
  1.3073
  1.1255
  2.3712
  1.2191
  8.7885
  2.5820
  2.0436
  1.4551
  2.1346
  1.8669
  2.6964
  2.4679
  1.4250
  1.7966
  6.9795
  2.9880
  6.8107
  1.3032
  1.7324
  8.6834
  1.0055
  8.2247
  6.1706
  8.6767
  8.7737
  8.0864
  8.8635
  5.2747
  5.8149
  4.7240
  1.3058
  5.1654
  1.7926
  2.0624
  1.2622
  1.1945
  1.3970
  1.8534
  1.1672
  1.8398
  1.6027
  1.8885
  5.4530
  1.1955
  7.9586
  7.0590
  5.1342
  6.0626
  6.7284
  6.1171
  2.0278
  2.9303
  2.3844
  2.6608
  2.1621
  2.1454
  1.9660
  1.2767
  2.5854
  0.2536
  0.3664
  0.8204
  0.4846
  0.8376
  1.3804
  0.8028
  1.9787
  1.6000
  0.8171
  1.1241
  6.7420
  1.5689
  3.6520
  6.3774
  3.0771
  6.0326
  3.4377
  3.2184
  3.0094
  3.5316
  3.7009
  3.6420
  3.1767
  3.4565
  8.5210
  8.7073
  8.1160
  8.4790
  8.7305
  5.1944
  5.2904
  5.4182
  5.8971
  5.7796
  1.4288
  1.2220
  1.4125
  1.6356
  1.3091
  1.9993
  1.2014
  1.2729
  8.6927
  2.8909
  8.4784
  1.6203
  5.9564
  1.2901
  1.7698
  1.5186
  1.5399
  2.9761
  2.2392
  2.1333
  1.4862
  6.0119
  6.9527
  2.0372
  6.9386
  1.1185
  1.1215
  1.7055
  8.9475
  1.4654
  8.8025
  8.0938
  8.7451
  8.0326
  1.5092
  1.8353
  1.0661
  1.8673
  1.8787
  5.9816
  1.7305
  1.0721
  1.3570
  1.6434
  1.6057
  1.0065
  1.4794
  5.3403
  1.5399
  1.6809
  5.0711
  7.7501
  5.7387
  7.3046
  7.9466
  0.7147
  2.0960
  2.8544
  2.5075
  2.7645
  2.7948
  2.2737
  1.1247
  0.1892
  0.0036
  0.9777
  0.7310
  0.7169
  0.9622
  1.2844
  1.7969
  2.7245
  1.3287
  1.6521
  1.7265
  1.8771
  0.0690
  1.9937
  6.0056
  1.7881
  3.7765
  6.2990
  6.2225
  3.0900
  3.2253
  3.1776
  3.9267
  3.9763
  3.1298
  3.5908
  3.8513
  3.5065
  8.7411
  8.5446
  8.2361
  5.0980
  8.1331
  5.1241
  5.9185
  1.5262
  2.2283
  1.4219
  1.5969
  1.6443
  1.7160
  1.7015
  1.1858
  1.5026
  1.1102
  1.0791
  1.6951
  2.2165
  1.3804
  2.7213
  2.4055
  1.3297
  1.8624
  2.4924
  1.2322
  1.4565
  2.7770
  1.5983
  1.9296
  2.5381
  2.6779
  6.2496
  1.0663
  1.9536
  1.1707
  1.4987
  1.9332
  1.1627
  1.1490
  8.8196
  1.7695
  5.4013
  1.1912
  1.8401
  1.7243
  5.5072
  1.0809
  1.8195
  1.5705
  1.9518
  1.8440
  1.3292
  1.2417
  1.3157
  1.5246
  5.9327
  5.6449
  0.7334
  7.7418
  5.7410
  7.6117
  7.2771
  4.0069
  2.9740
  2.4318
  2.6170
  2.0512
  2.6010
  2.4489
  5.6176
  1.9277
  0.8617
  0.8835
  0.5856
  0.1177
  0.1354
  0.4999
  1.4017
  1.7369
  1.5706
  1.8796
  1.7343
  1.5722
  1.8027
  1.4552
  6.0484
  6.8862
  3.3166
  3.2585
  3.5030
  3.0361
  3.2163
  3.2764
  3.5370
  3.9197
  3.2105
  3.7103
  8.2243
  8.6585
  3.4210
  3.0021
  3.0082
  8.3570
  5.2627
  5.2122
  5.6108
  5.3541
  1.7161
  8.6944
  1.1030
  1.6187
  1.4894
  1.2317
  1.3868
  1.7769
  1.3937
  1.1039
  1.8752
  1.3834
  1.7247
  2.5759
  1.5135
  1.3378
  2.3970
  1.6808
  2.3830
  2.0183
  2.8889
  6.3015
  1.2213
  2.3474
  2.9061
  2.2395
  1.0246
  1.3479
  8.5582
  1.3187
  8.7394
  8.1632
  1.3286
  1.9795
  1.3215
  1.0621
  1.1659
  1.7740
  1.3484
  1.6431
  1.0251
  1.1051
  1.1759
  1.4836
  1.0556
  1.8856
  7.5977
  1.7888
  1.8949
  5.8696
  5.0627
  5.9815
  7.7868
  5.8766
  5.7703
  2.3891
  2.4794
  2.8881
  2.5688
  2.3244
  2.1019
  2.5936
  1.5109
  1.8049
  0.0444
  0.2926
  0.2685
  0.1585
  0.1532
  0.4114
  0.3332
  1.4317
  0.6637
  1.7436
  1.1840
  1.4568
  0.6610
  1.8994
  1.2847
  1.2628
  6.8441
  6.0346
  1.2492
  1.0337
  6.9142
  3.2390
  6.9545
  3.0179
  3.2814
  3.4771
  3.3980
  3.7558
  8.8229
  8.4161
  3.0869
  3.8112
  3.2221
  5.6546
  5.3695
  5.9957
  8.4518
  1.3520
  1.8025
  1.4532
  1.2647
  1.6547
  1.5754
  1.2691
  1.9549
  2.6515
  1.6593
  1.8597
  1.4087
  2.2730
  2.8076
  1.6511
  1.0478
  2.8361
  2.6022
  2.5772
  2.8959
  2.8691
  1.7815
  2.5726
  2.4231
  2.5141
  1.1386
  1.5384
  1.0881
  8.8557
  2.4206
  1.0476
  1.5295
  2.4209
  1.3796
  1.5418
  1.5817
  1.6961
  1.0956
  1.7458
  1.4743
  1.5279
  1.4654
  1.9728
  1.1907
  1.3087
  1.8148
  1.3790
  7.3673
  5.5908
  5.6521
  5.9215
  0.9697
  7.7473
  7.9798
  6.8027
  2.1706
  2.5353
  2.3883
  2.3319
  2.3854
  2.8430
  2.2164
  1.1718
  1.8361
  0.6239
  0.5604
  0.0423
  0.3457
  0.8204
  0.6169
  1.4729
  1.5563
  1.8875
  1.7952
  1.1919
  1.1971
  1.4923
  1.5311
  1.3323
  1.7051
  6.5429
  3.0043
  1.5967
  6.5247
  6.2313
  6.6026
  3.9020
  3.1371
  3.3181
  3.8058
  3.2933
  3.8349
  2.9128
  2.4121
  3.1779
  3.1782
  8.3870
  8.9273
  5.5192
  5.6344
  5.6579
  1.2184
  1.6754
  8.8783
  1.5658
  1.3099
  1.5555
  1.9809
  1.7722
  1.1920
  1.5237
  1.3896
  1.3464
  1.6376
  2.7313
  2.8630
  1.6885
  2.7400
  2.2171
  1.9153
  2.3696
  1.0651
  2.7828
  2.0302
  2.9550
  2.6226
  2.0485
  1.3628
  1.6327
  8.7714
  1.3075
  1.9541
  1.3785
  1.2154
  1.6031
  8.9113
  1.7669
  1.9697
  1.8524
  1.0352
  1.0887
  1.5807
  1.6113
  1.7621
  1.1459
  1.6038
  1.8916
  1.0086
  1.5125
  2.6144
  2.3926
  0.2690
  5.7578
  7.0506
  8.2646
  6.1338
  4.9837
  2.1105
  8.2979
  2.5901
  2.0934
  2.7330
  2.9068
  2.9318
  1.5994
  1.2692
  0.7525
  0.7043
  0.3033
  0.0731
  0.8890
  0.9956
  1.4101
  1.9485
  1.1594
  1.7205
  1.7807
  1.3244
  1.2231
  6.4471
  6.3239
  6.9291
  6.1259
  3.7407
  6.9591
  3.9299
  3.8627
  3.9924
  3.9059
  3.5068
  3.8400
  3.8142
  3.1712
  2.1086
  3.5724
  6.3627
  3.3783
  8.0897
  5.5999
  1.8549
  5.6191
  5.3874
  1.9845
  8.2075
  1.8027
  1.9210
  1.3257
  1.5215
  1.6054
  5.1081
  1.6471
  1.1244
  2.4502
  2.1334
  2.3627
  2.1170
  2.1989
  2.8771
  1.6819
  2.7552
  2.6130
  1.7380
  2.4688
  2.1246
  2.0608
  1.2675
  2.2334
  1.5659
  1.5444
  1.5455
  1.5620
  1.6720
  1.1691
  1.1843
  1.9990
  1.4112
  1.0298
  1.8941
  1.8725
  1.7525
  1.0757
  1.6109
  1.4241
  1.9702
  1.0090
  1.0496
  1.1691
  1.7800
  7.2920
  7.8930
  1.4133
  5.1405
  0.5046
  7.9631
  8.8388
  6.9789
  6.0324
  2.4878
  2.3627
  2.8386
  8.5995
  2.0336
  2.7764
  2.4340
  1.3241
  1.7110
  0.8449
  0.0224
  1.9148
  0.7164
  0.9044
  0.5477
  0.9557
  1.9140
  1.4733
  1.1882
  1.1276
  1.4321
  1.5816
  1.3462
  6.1594
  6.4674
  6.2427
  3.4663
  6.2241
  6.0224
  6.4275
  3.1363
  3.9204
  3.4520
  3.0914
  3.5849
  3.8920
  3.7291
  8.1688
  3.5185
  3.5717
  8.0161
  8.8029
  8.4948
  5.9473
  5.1144
  5.8635
  5.2365
  1.3042
  1.7502
  1.9423
  1.3627
  1.2617
  1.9327
  1.6451
  1.5039
  5.5069
  5.9084
  2.3045
  2.0173
  2.3782
  2.1795
  1.7549
  2.1774
  2.3883
  2.9088
  2.8806
  2.9833
  2.6116
  2.7031
  2.8215
  2.9798
  1.3974
  1.2530
  1.8150
  1.4003
  1.8640
  1.9161
  1.0530
  1.3958
  1.3969
  1.1055
  1.6661
  1.7856
  1.0571
  1.9892
  1.6318
  1.3500
  1.3299
  1.6609
  1.6135
  1.9372
  1.7608
  1.8654
  2.0077
  2.0776
  2.0617
  5.7788
  6.8146
  6.5605
  6.4212
  6.4437
  6.5565
  2.8099
  2.8335
  2.8891
  2.1119
  2.4531
  2.1314
  2.9430
  0.4272
  0.5897
  0.9521
  1.1994
  0.9508
  0.1683
  0.1132
  1.7260
  0.0195
  1.2195
  1.1092
  1.8352
  1.2170
  1.1648
  1.1804
  1.5238
  1.7853
  1.8612
  1.1509
  3.5294
  6.1468
  6.5869
  6.3589
  3.2351
  3.8796
  6.8295
  3.6759
  3.4260
  8.3672
  3.5644
  3.1094
  3.2142
  8.1702
  5.2255
  8.0908
  5.6671
  5.9599
  1.6889
  8.1326
  1.9476
  1.5234
  1.5838
  1.8421
  1.7305
  1.1161
  1.2817
  5.1647
  8.5485
  8.1673
  2.9267
  2.0008
  2.2756
  2.8771
  2.8267
  2.9769
  2.0350
  2.3270
  2.1791
  2.3099
  2.7597
  2.2546
  1.5091
  1.4098
  1.4561
  1.1153
  1.9838
  8.1675
  1.7675
  1.3419
  1.3478
  1.6237
  1.1137
  1.9425
  1.8650
  1.7291
  1.5128
  1.1989
  1.4727
  1.2966
  1.1918
  1.6585
  1.7479
  1.6181
  7.2904
  2.4669
  4.0500
  2.0110
  2.3786
  3.3691
  6.9106
  2.5904
  6.7459
  6.7396
  2.8533
  2.8126
  2.0897
  2.4862
  2.7893
  2.2403
  2.4820
  1.0635
  1.3498
  0.6053
  1.6085
  0.6140
  0.8665
  1.4376
  0.5320
 17.6224
 10.2501
  1.1449
  1.9479
  1.8320
  1.1697
  1.9856
  1.5133
  6.8978
  6.2663
  6.4419
  1.6072
  6.1604
  6.6819
  3.9899
  3.7429
  3.5966
  3.9763
  6.8177
  3.7329
  3.6390
  3.6165
  1.1426
  3.5081
  3.7716
  3.3950
  8.5759
  8.7094
  5.7852
  5.2104
  5.0302
  1.9595
  1.4606
  1.9380
  1.6269
  1.9158
  1.1484
  5.4876
  5.7695
  1.6977
  8.6093
  1.3186
  2.7858
  2.5079
  2.0747
  2.9391
  2.5640
  2.2301
  2.4028
  2.4322
  2.0925
  2.7133
  2.5078
  2.4890
  2.4825
  2.9805
  1.9486
  1.1588
  1.6734
  1.1766
  1.6656
  1.7165
  1.7487
  1.0335
  1.2828
  1.1063
  1.0058
  1.4230
  1.8444
  1.9638
  1.3129
  1.5274
  1.6281
  1.8798
  1.4463
  7.0052
  1.5282
  2.1341
  1.7470
  1.3557
  7.5603
  6.1540
  2.4217
  2.6294
  6.4434
  6.3392
  2.7066
  6.8384
  2.5943
  2.0722
  2.9647
  2.0043
  2.7083
  1.2362
  1.8812
  0.2288
  1.2372
  1.6586
  0.7919
  0.4442
  0.5173
  0.9439
  1.6626
  1.3986
  1.4277
  1.2827
  1.2976
  1.7290
  1.1554
  1.3809
  1.8155
  1.4581
  6.8204
  6.8710
  6.6706
  3.3185
  3.4132
  1.1947
  6.1866
  6.9734
  3.9436
  3.0604
  1.7942
  8.5501
  3.7277
  8.6770
  8.7816
  1.4436
  5.1657
  5.4269
  1.6317
  5.1107
  5.7878
  1.1612
  1.0883
  1.9168
  1.9228
  1.3306
  1.2782
  1.0844
  8.0018
  8.7134
  1.5191
  2.5447
  2.0797
  1.0300
  2.4059
  1.8127
  2.5789
  2.4758
  1.7892
  2.5214
  2.1368
  2.7377
  2.9572
  2.5514
  1.2596
  1.9407
  1.2683
  1.1987
  1.6290
  1.1781
  1.2675
  1.0027
  1.5995
  1.8836
  1.2813
  1.6832
  1.2629
  1.4275
  1.1207
  1.9814
  1.5268
  1.0175
  1.5702
  1.3318
  7.9252
  1.2053
  4.1108
  1.7073
  3.5195
  6.3174
  2.7173
  6.0097
  6.1833
  6.2414
  6.0100
  2.4918
  2.0247
  2.8674
  2.5537
  2.8253
  2.3879
  2.3680
  2.3551
  1.8221
  0.3706
  0.2559
  0.9878
  0.8644
  0.8153
  0.2892
  0.8191
  1.6303
 10.9946
  1.4578
  1.4300
  1.3964
  1.6293
  1.3107
  6.1945
  1.7051
  1.9355
  1.6472
  6.0672
  3.9666
  3.3354
  3.9667
  6.7154
  6.4656
  6.7726
  3.8252
  3.2099
  8.5616
  1.1858
  1.8150
  8.5893
  8.3626
  8.5690
  8.4081
  1.2103
  1.9291
  8.8092
  8.3528
  8.2630
  1.5043
  1.5886
  1.4395
  1.3723
  5.2170
  1.7392
  4.1953
  8.2442
  1.5799
  1.2428
  2.9681
  1.1152
  2.2937
  2.0170
  2.1143
  2.9675
  2.3793
  2.3691
  2.0849
  2.3274
  1.2182
  1.1304
  1.4736
  1.4891
  1.5168
  1.0580
  1.4702
  1.4605
  1.6140
  1.5899
  1.1022
  1.6161
  1.0141
  1.8728
  1.4547
  1.5788
  1.6856
  1.2488
  1.2481
  1.1533
  1.8291
  1.3551
  1.1080
  1.1154
  1.9667
  6.2086
  6.9965
  6.2646
  6.1529
  2.5189
  6.6809
  6.4841
  6.7596
  9.1143
  2.4214
  2.5765
  2.8964
  2.0425
  2.6396
  2.2566
  2.9362
  1.5974
  1.7853
  0.4511
  0.9699
  0.9011
  0.6326
  0.9723
  1.5354
 11.9118
  1.2571
  1.9281
  1.1528
  1.4768
  1.1256
  6.8517
  6.8307
  6.3549
  3.9972
  6.3898
  6.2520
  6.3392
  6.6828
  3.6580
  6.3053
  5.7052
  6.2458
  3.6559
  3.8098
  1.2790
  8.7459
  1.9780
  3.5325
  8.9421
  8.6517
  1.4598
  1.9671
  2.8650
  1.7570
  8.8268
  1.0995
  1.6043
  5.6746
  1.0997
  1.2901
  5.1017
  5.3377
  1.7218
  1.8503
  2.8904
  2.7320
  1.3564
  1.9569
  1.6667
  2.2386
  1.1760
  2.1083
  1.8599
  2.7783
  1.4335
  1.8499
  2.5221
  2.6627
  1.1933
  1.4442
  1.5709
  2.6185
  2.9142
  1.1385
  1.1859
  5.2684
  1.4334
  1.9901
  1.7573
  1.6077
  1.6757
  1.6449
  1.1957
  1.1250
  1.5003
  1.1623
  1.0792
  7.0838
  1.4348
  1.5737
  3.3647
  3.9245
  6.7020
  3.2590
  6.8276
  6.8782
  6.6974
  6.5124
  6.9168
  2.2444
  2.5652
  2.1235
  2.5646
  2.7193
  2.2909
  2.6858
  1.3213
  1.3550
  0.6205
  0.2551
  1.5955
  0.8305
  0.5639
  0.8683
 28.5849
  9.0307
  9.1063
  1.6122
  1.0048
  1.5308
  1.4652
  1.0383
  6.2637
  1.4185
  6.8595
  6.3634
  6.8761
  3.5867
  6.7424
  6.0104
  6.6471
  6.8765
  6.5298
  3.0495
  1.3685
  1.0478
  1.3328
  3.8054
  1.8463
  8.3653
  8.8782
  8.8956
  1.1211
  5.6492
  1.9083
  5.6960
  1.2236
  1.5456
  5.9152
  1.0594
  1.3834
  5.2359
  4.7108
  8.5080
  4.5917
  2.7147
  1.9202
  1.4107
  1.1481
  1.3201
  2.0969
  5.6011
  2.7755
  2.1900
  2.0887
  2.9520
  1.9491
  2.7315
  1.5842
  1.9546
  1.4378
  1.2680
  2.9563
  1.3277
  1.1985
  1.0729
  1.0055
  1.4904
  1.7682
  1.3578
 10.3731
  1.0471
  1.0435
  1.3935
  1.8825
  1.7561
  1.8380
  1.0062
  1.7383
  1.8562
  1.9306
  6.3952
  6.6810
  3.5474
  3.8260
  6.3562
  6.6434
  6.6554
  6.7842
  2.6972
  2.2846
  2.9725
  2.5769
  2.7078
  2.5119
  2.0556
  2.0530
  1.8861
  1.1311
  1.8271
  1.0359
  1.8001
  1.7318
  0.3412
  2.3317
  1.4239
  1.4193
  1.5816
  1.5840
  1.5678
  1.1804
  1.3842
  6.9409
  6.3712
  6.4217
  1.6540
  6.9067
  6.8680
  8.4781
  6.9454
  3.8828
  6.8268
  6.6009
  3.6211
  8.3918
  8.8517
  1.6621
  3.5989
  1.5554
  3.4706
  8.4634
  8.3001
  1.6266
  1.6236
  1.6226
  2.4716
  5.6315
  1.9674
  1.9259
  1.7491
  1.9266
  5.3760
  1.9269
  1.8859
  5.8721
  8.2118
  2.2053
  1.9280
  1.6700
  8.3351
  1.6022
  1.1657
  5.5174
  5.9976
  2.6224
  2.9075
  2.8698
  2.5784
  2.7881
  1.1099
  1.6441
  1.4124
  2.1896
  1.6578
  2.8676
  1.3209
  1.9633
  1.7312
  1.3360
  1.0351
  1.8261
  1.0897
  1.2066
  1.0631
  1.5470
  1.3896
  1.3793
  1.0250
  1.3802
  7.1831
  3.6452
  3.8192
  6.5996
  3.4819
  6.2289
  6.4005
  6.3905
  6.4044
  6.1105
  6.3042
  2.7971
  6.0994
  2.9920
  2.0581
  2.1600
  2.6900
  2.1650
  2.9780
  2.1894
  2.3386
  1.7557
  3.3669
  1.5293
  0.8914
  0.7014
  1.7694
  1.8847
  3.2294
 11.6329
 22.9586
  1.6952
  1.8110
  1.8555
  1.8790
  6.0908
  1.0279
  6.1946
  6.3682
  6.7082
  6.6396
  6.2808
  6.4957
  3.7005
  3.9638
  3.1338
  3.2698
  8.6169
  1.2216
  8.6667
  1.5372
  8.1605
  3.2972
  5.6495
  5.5932
  1.6229
  2.8027
  2.8759
  5.1413
  5.6082
  1.4444
  1.1449
  4.0030
  5.7022
  1.3619
  5.9277
  8.5720
  2.2943
  2.4103
  1.1743
  1.8232
  2.6607
  1.5587
  2.9072
  1.4039
  5.5458
  2.7985
  2.8214
  1.7720
  1.9093
  1.2764
  1.5246
  1.9245
  2.7212
  2.7049
  1.0335
  1.3875
  1.9895
  1.3280
  1.0207
  1.0638
  1.2392
  1.3991
  1.0691
  1.0286
  1.4972
  1.6367
  1.1429
  1.3708
  3.4750
  8.0756
