Kriging estimates for pfsim
2
Estimate
EstimationVariance
  4.7118  3.6542
  4.7774  5.404
  4.7448  1.0053
  5.6646  3.4653
  4.5661  4.2318
  5.4646  6.3271
  6.3133  4.221
  3.5234  1.9707
  5.4927  6.6222
  5.0833  3.7874
  6.0636  1.0929
  4.3754  4.9807
  6.7468  3.5187
  5.7532  4.4964
  6.5647  1.7736
  6.1365  0.971
  -0.2399  2.7862
  3.1684  5.752
  6.3285  1.5619
  6.6947  1.9956
  4.8275  3.4122
  5.2288  5.6373
  6.2768  4.6998
  6.2999  4.957
  3.746  2.5653
  4.0601  4.9987
  4.4998  8.6715
  3.3614  1.8023
  6.5369  6.8437
  6.0114  5.6716
  7.8527  3.8119
  2.1541  2.9358
  6.9058  1.1126
  5.0671  4.5065
  4.3688  5.4473
  6.1616  8.6428
  6.2399  2.7812
  3.8764  2.3368
  6.9045  2.8663
  4.8595  5.4986
  3.5531  3.4127
  1.3174  1.835
  3.8645  4.8315
  7.387  3.9631
  5.5227  4.3359
  7.1695  5.7867
  5.5474  1.9781
  6.8068  4.7621
  7.4539  3.9402
  8.9062  3.2822
  8.1861  4.2302
  3.9675  1.7431
  4.6979  6.8466
  6.6327  5.3778
  0.2483  5.4219
  6.1117  2.9001
  3.7452  3.9954
  8.4498  1.8898
  4.1444  6.7236
  4.1077  3.2715
  5.1956  1.5174
  5.4399  1.5808
  6.7704  4.0064
  9.5669  4.5617
  7.7314  1.3935
  4.7557  4.6463
  8.4914  0.6382
  6.9812  5.1827
  8.0671  5.4248
  5.1041  2.9567
  2.5036  4.3908
  4.6166  8.0405
  3.778  4.6408
  1.862  3.2091
  5.5223  5.6479
  7.8962  3.9117
  2.7655  4.9157
  6.034  4.9833
  3.5994  6.2668
  5.1758  5.3996
  7.5481  5.2185
  5.573  8.3056
  5.4874  3.4081
  5.2239  6.9655
  5.2374  5.0388
  7.3915  2.9743
  1.5469  4.5988
  5.4595  2.784
  6.7422  5.2151
  3.01  5.0364
  4.6078  1.0339
  5.9059  3.9096
  3.5094  5.0459
  5.9762  2.8449
  5.8007  6.0301
  3.5747  4.7618
  5.0055  8.532
  1.2754  5.3906
  4.3875  3.7996
  8.8032  3.9829
  9.4819  3.1157
  5.701  3.0183
  3.6186  4.125
  4.4349  4.405
  0.7899  8.0049
  4.666  7.4858
  2.9858  4.5851
  11.3299  2.2605
  2.0094  2.907
  5.945  5.3867
  7.5807  3.486
  1.7955  3.1299
  7.4804  4.9313
  1.0861  3.9299
  7.7963  8.2531
  6.1234  4.6186
  2.5196  2.3135
  5.0938  5.0064
  6.1604  3.0436
  2.6961  2.4444
  2.6861  5.2868
  0.3754  3.3334
  5.8998  7.044
  5.1426  6.0026
  4.202  2.5112
  3.6512  7.0547
  6.9884  4.9748
  11.6605  3.9353
  6.2407  4.6152
  4.5562  8.6323
  8.0132  1.201
  4.2003  4.8567
  6.5664  1.3031
  0.4889  0.1873
  4.8578  3.7936
  5.6904  2.4607
  2.5515  0.1
  5.6584  4.7401
  6.986  5.5816
  4.6186  6.6985
  4.7273  2.6783
  3.9588  2.8304
  0.6685  4.3127
  5.4998  3.2755
  3.5723  4.7436
  8.4337  4.0765
  3.9847  2.8171
  4.8605  1.4705
  4.7495  4.1224
  8.6894  5.8869
  7.0681  2.5741
  6.3398  1.7212
  5.6239  4.8375
  3.4672  7.9988
  6.1347  0.1945
  6.1057  3.1852
  5.0028  4.9315
  5.7811  0.1
  2.6834  5.5452
  7.6024  7.8063
  8.6063  0.1
  6.539  0.1674
  8.2272  4.5067
  2.7177  8.0198
  6.2879  0.2177
  5.5869  2.5377
  5.2226  3.0696
  7.747  1.1534
  5.6348  7.6284
  3.3461  4.4213
  5.404  2.6206
  6.2958  4.1941
  3.1125  7.524
  6.5832  3.6658
  3.7267  2.4313
  7.4619  3.707
  5.9189  3.6311
  6.2328  3.768
  6.5277  3.6336
  6.6592  5.3448
  4.7668  2.2804
  3.1198  2.5185
  3.031  5.7316
  4.9068  7.1402
  9.5587  4.0484
  1.904  3.2371
  4.8493  1.0231
  4.499  4.5739
  4.0811  2.4631
  3.4825  7.5734
  4.6807  2.3401
  4.2542  5.9087
  3.6306  4.9637
  6.4558  5.4982
  7.7994  2.899
  7.2655  2.4143
  4.2069  6.3922
  6.6448  4.0042
  2.6172  5.1233
  3.7393  2.1522
  3.7037  4.493
  0.7579  4.7215
  5.3478  2.8309
  7.0739  5.2229
  3.7874  2.66
  6.3903  0.9679
  4.3348  2.7379
  5.1398  4.4223
  5.0736  6.2697
  5.4561  3.37
  2.5783  5.4437
  6.0563  6.9016
  3.5051  4.0528
  4.8826  3.8248
  5.0208  0.5709
  6.65  5.3064
  7.2609  8.4991
  4.3621  3.9277
  5.0196  7.8844
  1.5376  4.9715
  2.0583  0.1
  0.9583  1.2365
  7.1381  2.2633
  4.5451  1.673
  6.2219  1.7961
  7.6353  2.0138
  3.4703  4.2455
  5.0494  6.8494
  5.2408  1.5843
  3.8793  2.8544
  6.4501  4.7676
  4.7612  5.7392
  3.943  3.7275
  5.3615  7.0564
  4.8029  3.2984
  2.9083  5.3721
  3.8247  4.6874
  1.1968  6.0864
  2.3361  2.4453
  7.1172  1.3311
  4.8411  4.1485
  3.0029  6.6859
  7.9976  0.1
  2.102  5.6165
  2.394  3.2227
  5.2591  5.3837
  4.5535  4.1904
  3.4465  6.5847
  4.0094  4.6795
  3.9767  4.2126
  4.6637  3.6751
  2.9724  5.5928
  7.8281  4.4863
  6.4647  5.6761
  6.856  4.6067
  5.4245  5.728
  5.1377  2.0522
  5.0477  0.2232
  4.9882  4.8267
  7.472  4.3026
  6.8563  3.9989
  2.953  1.1772
  3.0605  1.2677
  6.2674  3.5848
  6.1406  4.1469
  7.0881  6.1204
  3.7093  3.4514
  3.9343  0.7574
  6.3504  6.3776
  4.9871  3.0136
  7.1818  0.1
  5.355  4.2866
  3.8583  6.7831
  6.9415  3.4777
  4.8266  3.224
  3.9758  1.3836
  7.7599  6.056
  6.5963  1.8113
  9.1617  7.9603
  5.3761  2.1916
  3.2671  4.8371
  3.174  3.9316
  7.1773  0.9864
  9.0115  7.1334
  2.5258  1.1727
  4.4332  1.9377
  4.4726  0.1
  4.5426  7.6057
  2.7668  3.4539
  2.0208  5.2765
  4.5494  7.8815
  5.4137  3.2556
  6.1005  2.9875
  2.3214  4.6039
  4.6503  4.3326
  5.7509  2.9794
  5.8432  7.4754
  2.7844  7.4749
  4.5144  2.4667
  9.8544  4.31
  7.7408  5.6352
  1.6388  4.2416
  3.9494  1.3164
  1.4566  4.2046
  6.1805  4.7813
  4.3883  2.403
  3.0263  2.8897
  2.9339  3.5935
  4.9542  2.208
  4.5359  2.4794
  4.9911  5.0142
  5.3563  4.9443
  1.696  3.2426
  5.5535  5.2823
  1.804  4.3184
  7.4128  3.6428
  4.8105  4.9009
  5.4942  5.3493
  5.1448  4.305
  3.4351  3.6591
  7.5062  3.5917
  4.6629  3.017
  6.5744  2.2906
  6.821  2.1261
  2.8844  4.4119
  5.2604  4.5951
  7.1251  3.175
  5.886  2.1804
  7.5183  5.2649
  6.073  4.3758
  3.4288  3.3453
  6.0036  3.9616
  5.2475  1.2804
  5.3622  2.6161
  2.8333  3.6906
  1.287  5.3971
  6.704  3.8931
  3.0124  2.1093
  4.6978  0.1
  5.361  5.3289
  4.3762  3.0112
  5.3639  4.7013
  7.1883  4.0368
  3.6205  3.0775
  5.3639  7.1124
  4.3595  1.8949
  3.2598  0.1
  5.6596  1.2774
  2.533  0.1
  2.764  5.1368
  2.3773  0.5007
  5.3565  3.3177
  5.8644  5.4811
  4.983  1.4045
  4.7524  5.0005
  3.834  1.1251
  7.2052  3.1695
  4.1815  4.0319
  7.0609  4.5272
  4.3335  5.3643
  9.294  6.7756
  6.3457  1.7554
  12.5041  1.6027
  4.2564  2.6002
  8.2538  4.8405
  2.1458  4.5352
  6.0938  3.363
  2.5596  2.5499
  4.1263  4.0455
  3.9602  5.4704
  3.1001  0.5372
  3.5212  6.6978
  3.8537  8.6816
  5.983  1.6711
  3.3314  4.4867
  2.6447  8.7492
  3.0182  5.3619
  7.9203  3.7816
  3.0083  3.4539
  5.7244  5.7515
  5.1134  1.1996
  5.0846  2.6533
  0.6335  2.6049
  2.1351  5.1737
  8.8883  7.7175
  3.8536  3.0652
  6.3776  6.1226
  4.1625  3.7147
  9.4139  3.7851
  4.0294  4.2398
  6.1594  1.9567
  4.5032  1.6673
  4.4435  7.7538
  6.4834  3.8149
  3.1338  3.3772
  7.1015  2.8766
  7.9008  1.2527
  4.4199  7.4855
  0.9843  6.3768
  1.2972  3.8198
  4.6549  5.6486
  -1.3091  0.1644
  3.868  4.0738
  3.2136  3.5583
  2.6277  3.1975
  3.3065  4.488
  6.1628  6.8659
  3.6872  3.364
  5.0955  3.4102
  4.896  0.8756
  5.7435  2.1696
  3.0861  0.8237
  7.322  3.7188
  7.299  4.5446
  1.5933  1.8326
  6.5159  2.4686
  2.8193  3.6412
  4.6461  1.9763
  4.3477  3.043
  -0.18  5.0053
  3.3773  6.6089
  2.6998  0.8408
  7.3752  0.8299
  3.7277  5.1947
  4.3407  0.6891
  5.3761  3.6114
  7.5677  5.1773
  11.0714  0.7082
  4.9567  1.8667
  7.3095  5.6437
  6.5081  2.4453
  3.5097  0.1
  8.419  5.0164
  4.4783  5.867
  6.5018  5.9505
  1.7529  2.5723
  5.3909  4.7108
  6.9145  1.9827
  5.2544  8.4107
  6.3838  5.7411
  4.9616  5.5353
  8.608  4.2133
  7.448  2.2497
  6.1802  5.8084
  3.496  6.1962
  3.6495  2.3895
  4.9976  7.864
  5.6183  5.8716
  3.5364  4.155
  2.6469  2.8578
  6.6713  3.9232
  7.9026  3.5952
  4.6041  6.5534
  3.7028  0.9605
  7.6026  4.8284
  0.6696  4.0891
  4.1924  7.4897
  3.542  2.8385
  3.1792  1.8919
  3.599  1.1282
  2.9376  0.7868
  2.0054  0.8806
  3.9577  2.6326
  2.5471  4.9565
  4.9038  3.136
  4.0721  7.1858
  5.4796  4.9508
  -0.1721  2.6925
  0.658  3.1476
  5.7466  2.6514
  6.0372  1.9545
  6.1516  0.8928
  4.4766  4.8396
  6.0718  3.7455
  8.8794  3.1712
  4.098  0.1
  8.5379  3.262
  2.648  6.6418
  7.471  4.2167
  2.1302  4.838
  3.7572  1.6585
  7.0867  0.1
  6.1343  4.9187
  9.102  4.6503
  0.8831  2.3278
  5.1293  4.7111
  6.9616  0.1
  4.3401  5.9397
  8.0879  7.722
  4.2196  6.1952
  8.4234  6.3961
  6.4474  5.6556
  3.4202  1.1055
  6.9657  3.3059
  4.9437  2.8426
  4.2142  4.4655
  2.9563  4.137
  5.4921  3.8453
  3.5127  5.5732
  8.7453  2.7975
  7.4689  5.7785
  -0.3065  2.4776
  3.7283  5.5635
  5.377  4.9488
  6.2726  2.2022
  3.5069  1.5542
  4.6595  3.7618
  5.3424  2.5454
  6.813  5.8342
  8.093  5.4226
  5.371  5.3448
  6.2195  2.6964
  7.5788  7.437
  8.9539  4.0705
  5.6485  4.8327
  4.9949  5.2386
  4.7576  3.6124
  8.518  4.3294
  5.134  5.764
  5.3007  4.5832
  4.8729  1.5592
  4.9381  1.7262
  5.4203  1.6371
  6.8334  5.4985
  5.5609  3.7997
  5.8326  0.1
  2.8064  3.7025
  5.6905  3.8412
  2.9908  4.2669
  4.0926  1.8628
  5.659  3.58
  7.393  5.3311
  6.4693  4.6433
  3.3096  2.1287
  2.0577  9.758
  2.8411  3.5803
  4.2792  3.4378
  3.8319  0.2633
  3.0036  1.2187
  4.7464  2.6316
  3.6256  4.4318
  3.8344  5.8642
  4.2276  4.4503
  2.3494  5.3137
  4.1896  4.8175
  5.66  3.6531
  5.4349  3.2294
  7.6922  5.8686
  5.965  1.6397
  2.8014  2.6723
  4.51  4.896
  3.2069  6.3541
  5.0072  0.1
  4.0494  0.1
  3.4965  2.9017
  3.7792  3.3495
  4.2118  2.8125
  8.005  6.4298
  2.7163  6.5078
  1.7573  2.3708
  8.0504  0.1
  6.1496  1.493
  4.712  3.6396
  8.3944  2.3788
  4.862  5.254
  4.4964  2.3559
  4.8816  4.187
  6.7681  2.1139
  4.1017  4.6459
  4.6657  3.6294
  4.966  2.6083
  3.4006  4.8815
  2.8098  6.3308
  5.4346  1.4469
  5.5661  4.3346
  6.5243  6.3177
  4.2672  2.5845
  3.788  2.0378
  3.5071  4.569
  5.0305  3.0173
  3.5235  4.6958
  3.9968  1.9197
  4.6967  3.471
  2.8599  5.6544
  6.692  4.0818
  5.2621  5.0546
  4.9382  5.7826
  8.312  4.161
  5.8805  5.7469
  4.3239  1.7434
  6.812  0.8625
  8.5777  5.7409
  5.3754  4.1022
  8.5027  2.1075
  2.6796  2.8037
  4.4764  1.9871
  5.3077  4.2719
  3.3723  7.2061
  2.2159  1.4466
  5.7522  3.585
  5.8355  2.7621
  2.9333  2.7089
  3.6328  5.05
  4.0401  5.5229
  6.1762  6.0812
  6.8014  5.5687
  6.5397  2.9666
  4.4762  0.3397
  5.5835  2.6525
  5.8031  5.055
  2.2958  1.9723
  4.3013  2.9648
  5.334  1.6892
  5.0944  0.623
  0.6898  5.4333
  2.3894  2.8802
  2.1653  1.1823
  4.2023  3.1797
  6.9652  4.899
  4.4778  5.5154
  7.2331  4.8226
  4.1874  6.0372
  8.537  5.3211
  8.5414  5.8532
  6.6977  1.8196
  2.7729  3.901
  1.6611  2.8141
  6.7347  2.6697
  6.0664  1.2975
  4.0127  6.0469
  5.417  4.5806
  8.4094  6.5936
  3.2463  6.6358
  3.7695  3.9648
  5.0304  6.1461
  2.7415  4.9037
  6.048  5.623
  4.5792  6.0068
  3.5769  6.2941
  5.7045  1.1998
  5.8158  4.3586
  4.2887  2.5275
  4.5196  1.1157
  8.3814  1.7434
  3.6774  6.2898
  6.1701  5.4405
  8.0334  3.3757
  2.907  5.6885
  6.5926  3.3462
  2.4688  6.4783
  6.1517  1.2531
  6.5599  1.118
  4.0347  1.7534
  3.7243  2.3334
  3.7734  5.4485
  5.5892  5.2575
  7.1847  3.2546
  5.1598  5.0763
  8.4135  5.7982
  7.7631  6.0379
  7.1145  0.4307
  6.7617  4.4258
  5.1084  2.9455
  4.1495  4.8324
  6.68  1.0044
  5.4362  2.8786
  3.0984  4.7852
  4.3426  2.6819
  3.4617  4.5626
  4.9799  1.8167
  3.318  3.635
  5.8103  1.9006
  5.9762  2.352
  10.4555  2.118
  3.4197  4.388
  3.1952  5.6553
  8.6028  3.2248
  5.3455  2.9645
  4.9999  6.8635
  6.7885  2.1916
  8.0918  6.3241
  5.9727  2.6816
  5.1314  2.4091
  5.9352  3.3671
  0.5301  5.8524
  5.3829  6.157
  4.7276  4.3769
  7.2307  4.7756
  5.576  10.4288
  4.662  4.3384
  8.4681  2.39
  2.918  1.1359
  6.0673  5.2513
  6.483  1.2929
  7.0117  6.3945
  4.8054  4.0651
  6.3512  4.7343
  6.2839  1.8278
  4.6508  1.5751
  6.2626  5.0604
  4.8024  4.5936
  1.887  5.7159
  4.0655  4.2581
  7.2307  2.487
  7.3945  4.2482
  5.0564  5.1121
  2.5059  5.1882
  5.123  6.0726
  4.5664  3.2734
  5.7393  3.8813
  2.6521  3.6121
  7.5353  3.8138
  3.2591  5.4319
  1.2931  0.1
  4.9917  4.3619
  5.4408  2.2144
  4.699  1.2025
  5.4391  0.7694
  4.7015  4.5232
  1.4867  2.955
  6.5763  7.0979
  1.9921  4.6798
  2.5281  1.3095
  8.1921  5.3364
  3.3916  4.4381
  6.2839  4.3626
  9.4946  5.2116
  -0.986  3.4196
  3.5268  3.5917
  5.0269  2.6977
  2.8302  6.7268
  6.1947  2.6585
  6.3593  5.3504
  7.5346  1.8894
  6.5598  2.7844
  7.3101  3.6151
  0.4564  4.0707
  1.4317  3.5657
  4.8836  3.1974
  2.0262  1.7685
  3.3108  3.5038
  7.577  5.4182
  4.0556  6.5478
  2.2639  5.37
  4.6495  4.4726
  6.2769  2.6408
  6.6023  3.9814
  9.8236  3.3915
  7.5383  5.2942
  2.6517  6.7212
  2.8792  0.1
  6.7066  6.1379
  5.1041  3.478
  8.1674  5.4237
  3.6883  5.4631
  2.5134  2.8821
  2.8977  0.1
  2.6454  6.4447
  2.8044  2.8999
  2.6781  5.7312
  5.0024  4.9815
  4.7886  1.6579
  3.0521  5.6745
  4.8852  5.5488
  -1.3252  6.2202
  4.0121  8.3457
  3.9785  4.0565
  6.3208  2.2484
  6.7455  2.7096
  7.5782  5.5864
  5.9913  2.5516
  4.5789  4.5998
  0.9333  2.8965
  6.8761  1.4636
  7.558  2.7434
  5.6465  1.7047
  5.9688  4.9255
  7.2727  6.7081
  7.507  4.4178
  2.5477  6.6475
  2.3917  3.1226
  6.4742  4.8871
  8.1861  3.9919
  1.6199  3.4495
  5.3481  3.2988
  7.8249  3.5048
  2.1283  4.9336
  2.7046  7.3998
  5.5402  1.1934
  7.1588  8.7385
  0.9919  5.8061
  5.9681  4.3514
  5.6867  4.9838
  3.614  6.822
  2.301  7.9171
  8.0554  1.6277
  4.9892  6.8397
  4.018  3.6752
  4.1952  6.3349
  3.7846  3.9803
  6.0804  3.5848
  3.2671  1.3169
  1.9635  1.6404
  1.5589  2.5462
  5.6004  4.1082
  3.3467  1.964
  3.0132  1.2242
  2.5282  5.4287
  2.1908  4.0346
  3.7639  8.8559
  1.4061  4.3866
  4.3325  2.4577
  5.6304  4.3112
  2.8622  4.8526
  5.7783  6.6189
  3.7801  6.9409
  4.6064  0.1
  6.0462  3.8368
  3.2353  5.8665
  4.0567  6.0338
  4.8346  5.5006
  6.359  4.9463
  2.9359  5.8394
  5.0435  8.0045
  5.9573  5.5023
  3.4702  3.1877
  5.1934  1.659
  2.6594  3.7828
  4.8443  4.4041
  7.2342  3.1993
  6.3618  3.7107
  4.612  4.5141
  0.8645  4.1327
  3.7235  2.1403
  1.226  3.1142
  1.2451  5.7402
  4.5214  0.6359
  3.653  5.5099
  3.8102  3.4376
  4.2616  3.7434
  1.6005  3.9091
  3.8838  9.9076
  4.574  3.0888
  6.977  3.6879
  5.5067  2.2518
  8.1105  2.7447
  5.7507  6.2647
  4.391  3.9997
  6.173  5.3654
  2.8198  4.363
  3.1093  2.5093
  3.7032  6.432
  8.1932  9.2109
  4.8869  2.3172
  3.061  7.215
  1.9232  3.3661
  3.8679  7.5
  2.9733  6.2033
  7.6267  3.6665
  5.931  0.9226
  4.8236  3.5699
  -0.1592  4.8308
  5.7103  0.6132
  2.1754  2.5014
  3.9416  3.3873
  3.0838  1.9843
  5.613  3.0495
  4.7864  3.5406
  5.9144  3.6915
  6.7231  4.206
  6.7781  6.4942
  2.079  5.844
  8.5656  2.0549
  4.9363  3.2856
  5.8817  5.04
  3.6614  6.6251
  3.2866  3.7234
  7.0472  7.9069
  3.9747  5.5646
  5.4401  0.8351
  3.0896  1.5905
  3.9934  3.1664
  5.0559  6.5554
  5.845  9.3061
  4.5131  5.5785
  5.8288  7.0131
  4.2426  5.6905
  8.2581  2.5584
  4.8503  5.0086
  4.1304  2.2495
  8.6655  3.5407
  8.4682  2.9831
  4.5858  5.5943
  4.588  2.2023
  3.5602  4.5453
  3.6678  4.1761
  0.4854  2.8838
  4.6394  2.9747
  3.0128  2.233
  5.141  6.9741
  2.2031  3.4475
  6.9541  4.6689
  4.8125  3.0986
  5.0265  3.7979
  0.6271  2.5684
  1.1008  6.5821
  6.6453  2.4235
  6.6098  8.8973
  3.7538  6.5986
  5.725  3.5266
  2.7882  2.8881
  4.2102  0.1
  6.0609  3.3565
  5.9185  3.1615
  10.9965  0.6854
  3.1339  5.4104
  9.7169  2.0152
  8.6584  2.1659
  7.5867  4.1508
  9.46  7.564
  3.7046  9.8714
  2.7517  3.3728
  8.6158  2.5304
  3.7173  4.2613
  5.905  4.7744
  3.5086  4.3938
  6.2749  7.008
  5.6563  1.494
  5.0568  2.7588
  7.6381  0.6492
  6.1195  1.8692
  7.5441  5.5423
  5.4387  5.0099
  4.3262  5.3516
  4.9007  5.4624
  5.1172  0.1
  3.9727  7.035
  7.9051  4.2091
  4.7479  3.3295
  6.2611  5.1581
  3.0418  5.3233
  7.4658  2.0903
  4.6263  4.9271
  6.4455  3.1589
  3.9426  3.0722
  5.7705  4.8582
  4.9612  1.2716
  2.82  5.2736
  2.5578  4.4527
  4.2784  2.7955
  5.0534  7.3527
  5.5776  3.4087
  2.0533  5.0245
  7.2734  5.2148
  7.3319  4.9532
  2.3935  3.9101
  6.0497  5.442
  4.0138  3.8733
  5.7317  6.5426
  7.0105  5.2926
  5.7924  1.9494
  2.7981  3.8163
  7.0832  4.7907
  6.1222  0.9969
  2.0767  6.2398
  4.9307  1.3726
  6.7643  4.5161
  10.9029  6.5
  5.6934  3.6978
  5.4646  3.7947
  2.1224  5.855
  5.5497  0.1
  3.729  2.3425
  6.9618  3.9119
  7.9748  0.817
  2.8484  6.1342
  3.6896  1.8827
  3.9467  2.4804
  6.0787  6.2363
  1.8262  3.4184
  5.0285  4.1644
  6.6665  4.2397
  3.8404  1.7762
  1.3506  3.2578
  5.0288  5.8434
  4.2445  8.6474
  4.847  3.0333
  5.7612  2.0589
  5.4178  0.1
  6.3522  4.1334
  5.4211  4.3096
  2.4525  2.2028
  8.1328  4.9892
  3.8055  4.8422
  5.8154  7.909
  7.2207  4.8223
  4.1016  7.5674
  4.7969  2.259
  2.5595  2.2752
  4.2718  5.5308
  6.8264  6.3021
  5.306  5.663
  9.5186  5.8206
  8.2058  0.9787
  3.5164  2.4978
  -0.3541  4.1474
  7.7849  2.9294
  5.3909  2.2919
  4.0165  4.5706
  2.6084  6.3481
  1.1625  4.6445
  4.017  6.9783
  6.5237  0.1
  0.1552  1.9973
  3.9955  3.622
  5.0605  5.3472
  2.268  0.3989
  5.5049  3.278
  4.7933  2.7163
  4.6536  6.973
  1.7535  1.5489
  6.2832  7.1348
  4.5887  1.4746
  0.9978  4.5211
  2.5013  8.3512
  9.6832  4.4526
  5.9709  3.7642
  7.2836  3.9939
  5.1267  6.7208
  6.2524  8.262
  1.7263  2.8888
  3.1922  5.6836
  4.0128  5.2047
  2.662  3.8113
  9.594  7.2767
  1.2429  4.7292
  6.6527  3.0132
  2.7952  5.324
  5.2017  5.1051
  4.6839  8.6623
  3.1723  3.008
  6.0298  5.4635
  2.2426  6.5946
  2.0838  4.0128
  4.3859  2.5848
  7.2665  0.1
  3.5384  2.1945
  6.7498  7.1008
  6.5509  6.7906
  0.5509  4.3272
  2.2339  3.2501
  5.4893  4.1892
  7.7515  0.1
  3.3285  1.0387
  1.7224  6.0116
  5.3648  7.1132
  7.3704  4.1363
  3.0608  5.9836
  3.6168  1.6012
  2.6992  4.2437
  7.5311  4.1052
  7.4489  4.1827
  4.1471  9.4423
  8.6421  4.3938
  3.3356  0.7819
  5.8027  3.489
  5.934  4.6461
  5.8726  6.2845
  5.6284  2.5531
  3.4589  5.1663
  2.8563  5.4367
  6.4284  3.9122
  3.4372  0.4473
  2.7521  0.7481
  5.0533  3.1154
  3.1587  5.7452
  5.2587  4.0952
  6.1162  6.0729
  1.7944  5.4134
  1.3821  2.4112
  7.0243  5.3824
  6.3295  4.3642
  7.826  0.9184
  4.3897  4.0947
  9.0706  6.0531
  7.0769  2.4773
  9.4993  4.9436
  2.9882  8.6907
  2.1462  2.2626
  4.532  2.0392
  6.0544  4.5535
  5.227  7.7876
  1.7321  6.7328
  3.3507  6.9243
  8.8104  8.6031
  4.619  1.6735
  5.6559  3.8933
  1.4743  5.4711
  3.1546  6.884
  6.9303  3.4373
  5.0723  3.5149
  4.0852  10.1966
  3.1276  4.1107
  6.9829  3.2313
  3.7429  1.3418
  7.3841  5.424
  5.9399  0.9824
  6.0072  4.5706
  4.3239  1.2465
  4.8866  2.2583
  5.1601  4.1267
  4.3237  5.764
  4.8679  5.0582
  5.8368  6.0163
  3.0719  3.3094
  6.844  4.3071
  7.2516  5.4905
  4.1106  5.761
  4.485  5.9132
  8.7075  6.1832
  9.579  0.8968
  3.9033  3.4673
  4.1994  4.7449
  4.2638  6.2122
  6.9695  4.8269
  2.9756  5.0947
  6.3486  4.7078
  5.06  6.8007
  3.9032  3.2666
  6.3341  5.0616
  6.7052  3.432
  2.3706  1.5248
  4.1347  5.5849
  6.5845  0.3682
  6.0678  3.8255
  2.9158  8.3816
  5.5279  5.6548
  10.1351  2.8378
  4.2064  6.978
  2.3847  4.1479
  5.0924  5.9404
  5.8108  2.1736
  6.9445  5.6903
  2.898  2.6244
  3.9484  1.7013
  7.1293  3.3523
  4.4443  1.9245
  4.2109  6.9699
  6.4966  0.7652
  3.0206  5.2712
  4.0038  2.8935
  3.279  1.3379
  5.1906  3.2395
  7.2808  3.8666
  3.0697  5.3876
  7.6923  2.5285
  1.5948  3.0421
  2.3002  7.2832
  2.2245  3.3446
  7.947  5.7424
  3.9727  2.4339
  4.637  3.5197
  7.9928  3.6907
  2.3001  5.9715
  7.0731  3.5464
  6.5443  4.1025
  2.5864  3.8379
  2.7106  2.7317
  3.1222  4.6657
  5.373  1.3606
  3.1603  3.9946
  5.9287  4.1445
  0.5864  6.5738
  8.5446  7.1676
  6.0882  5.344
  3.6916  4.3772
  2.7387  4.2435
  2.1406  5.1704
  4.2909  5.5341
  5.3651  3.0809
  6.6867  1.6532
  4.4703  2.9249
  6.4879  3.849
  5.54  5.0509
  0.3078  2.1474
  5.2319  6.025
  6.1452  6.6215
  4.5568  4.2014
  4.0004  3.1287
  3.3391  2.9134
  4.6191  2.6969
  5.0531  0.3627
  5.8559  4.3549
  5.8925  3.073
  3.9836  5.9647
  4.691  7.9731
  2.1878  3.5053
  2.7453  2.4265
  3.42  3.0385
  6.5657  1.7122
  6.22  1.1182
  4.1889  6.6396
  5.9241  4.5446
  6.2602  5.152
  6.256  6.8073
  2.9231  3.8585
  6.2745  5.4993
  6.1161  6.6131
  3.998  1.3006
  7.5448  3.9984
  3.9026  4.0715
  4.1354  6.0124
  6.7803  4.6235
  6.0817  4.0652
  7.053  0.1
  2.6636  3.9201
  4.173  2.099
  6.2399  2.0432
  5.4347  4.2486
  5.1154  2.3416
  4.6137  6.4539
  6.087  5.9257
  4.8398  0.5954
  4.0671  3.6986
  7.603  6.2719
  5.8497  2.2869
  5.2569  3.4765
  4.513  1.533
  5.9278  3.9403
  6.6088  1.0767
  2.746  11.2925
  3.2399  4.5752
  5.8755  2.0356
  8.4552  3.8688
  5.299  7.6368
  3.418  3.0247
  4.309  1.2547
  5.5517  4.9461
  5.3666  5.3117
  6.7313  4.6774
  4.5171  6.4408
  3.6067  6.7927
  4.6141  5.5296
  8.6531  0.1
  4.6155  3.1921
  8.4148  3.1864
  10.458  0.9442
  5.699  3.2274
  6.0102  2.8697
  4.0979  0.3543
  5.2163  1.0042
  2.3807  4.1737
  4.7573  6.0542
  2.2937  4.842
  5.645  3.3953
  3.3927  3.8418
  6.768  3.2525
  6.6946  3.4524
  8.4496  4.0536
  4.6489  0.7783
  2.1457  4.7626
  4.5451  4.5626
  3.6307  3.6991
  3.7526  4.5904
  4.5637  7.7293
  3.6238  6.2376
  2.891  3.0693
  3.3169  6.5193
  5.874  4.2743
  5.4689  1.8313
  7.8058  6.7791
  4.9314  4.0265
  6.2983  3.6495
  4.5996  3.0144
  4.3082  3.0479
  6.4597  3.3434
  4.1433  2.7464
  2.001  7.1204
  6.0172  5.733
  3.9402  6.9144
  5.2904  6.9053
  4.9733  3.9107
  3.9441  4.155
  5.45  6.9854
  8.0794  4.1799
  7.4381  0.1
  4.0594  4.4994
  6.7742  4.8462
  4.8879  3.077
  3.4005  7.8039
  7.2445  6.6156
  5.0212  2.9311
  6.1094  3.9508
  4.7438  3.9503
  3.7341  2.2572
  4.5152  1.2292
  6.1965  5.6771
  3.4609  0.3451
  5.7872  4.4769
  5.041  1.3311
  1.1645  7.4231
  4.5672  5.0088
  4.8585  4.8271
  2.4435  3.1086
  2.2893  1.8257
  3.582  0.3869
  4.0776  2.5782
  2.6276  3.7343
  4.9773  2.3261
  9.0239  5.4364
  7.2433  3.3432
  6.7872  5.5312
  2.963  2.6356
  10.8304  3.1776
  5.9737  3.5708
  6.6628  2.0108
  2.9894  6.2687
  5.3971  0.1
  5.0468  3.6361
  6.4213  4.6421
  5.6844  4.1749
  5.5809  1.6948
  3.3702  2.2954
  2.3177  5.5765
  7.1552  5.228
  3.7975  2.9257
  4.1203  6.2258
  6.0533  7.4778
  3.0608  3.5487
  2.4786  1.1655
  4.6895  3.3286
  3.9744  0.9306
  5.3935  3.4323
  6.8297  5.101
  2.3765  4.7914
  3.8023  7.065
  4.9408  2.993
  4.1869  0.9982
  7.5489  8.2387
  1.5404  3.4964
  4.7792  2.8114
  7.4351  6.4949
  4.5093  8.1426
  5.0655  3.5162
  5.5596  2.5079
  7.9063  5.2333
  4.2901  3.629
  3.1845  4.525
  2.4127  4.0063
  3.9656  5.1341
  7.0851  5.5739
  4.7549  2.5808
  4.4007  3.9667
  5.9758  2.8637
  3.0654  4.3469
  7.7176  7.7446
  6.5864  2.0195
  7.8172  2.3087
  3.4589  4.8552
  2.2393  5.6034
  4.8927  4.7982
  3.3531  5.6929
  6.0262  3.2733
  6.8906  0.1
  5.7246  3.7849
  3.41  4.3544
  5.9996  2.5261
  4.7609  3.9172
  5.7858  6.4535
  4.0721  6.6338
  2.3916  4.6016
  1.5608  4.1436
  6.4445  8.0459
  5.0987  2.5034
  7.053  4.0823
  5.1967  5.834
  7.1855  0.5357
  5.1031  3.9672
  2.8609  0.7522
  4.8663  3.0725
  3.5506  3.7253
  4.298  4.0352
  8.1536  3.9397
  8.7607  6.4882
  6.9352  2.543
  4.4131  2.1606
  5.8317  3.8659
  5.8834  4.605
  5.3357  3.2862
  3.054  3.1166
  6.4332  3.6722
  4.88  5.7356
  5.9752  1.0504
  4.8392  2.2574
  4.8916  4.7805
  6.0188  7.3276
  3.9984  3.4101
  6.1481  5.924
  2.9372  5.3734
  6.331  3.6993
  4.4378  5.4653
  5.8543  4.8014
  3.5364  0.5554
  4.812  3.4578
  5.9163  2.471
  6.2694  4.8192
  3.5197  5.8901
  4.3142  2.6071
  5.5017  3.9706
  3.1899  5.2403
  4.9817  2.4836
  1.4921  4.8528
  5.198  4.2388
  7.7536  0.1
  7.5384  6.7276
  3.0398  6.0293
  3.3761  1.915
  4.7972  7.6553
  5.7233  4.0997
  6.7714  2.755
  7.995  7.1412
  5.8584  2.4235
  7.144  4.5894
  6.2873  6.2731
  5.8729  2.1949
  7.9806  4.5585
  5.6483  5.2302
  5.6235  5.4959
  5.3949  3.6448
  3.8996  2.9773
  4.4237  5.9789
  4.3262  3.7778
  4.7979  5.0677
  6.298  7.9489
  2.2139  3.5441
  6.146  0.6298
  8.4827  3.7678
  3.412  5.9415
  0.604  4.4245
  3.017  3.9702
  5.7481  5.5851
  5.8227  8.1728
  5.124  3.3161
  7.4522  3.8694
  5.8364  0.1
  5.9065  3.8505
  4.1302  2.6873
  6.8063  0.1
  11.2983  6.3082
  5.7396  7.8007
  5.5493  2.2101
  7.0542  0.7279
  6.2001  6.3962
  6.0699  1.0976
  5.4102  3.7538
  3.5156  0.1
  2.629  2.9985
  7.2511  9.5063
  6.7136  2.4235
  4.1579  6.1644
  6.2276  4.7818
  5.4762  6.3986
  9.4719  4.0192
  5.3176  5.0088
  4.0757  0.1
  5.9875  2.5328
  7.6332  4.3649
  7.9948  2.2849
  7.2624  0.7367
  6.8753  3.5255
  6.8749  3.2838
  6.3649  5.0053
  5.7663  4.8854
  8.3609  2.8774
  7.8068  3.2918
  7.4139  8.6794
  3.4034  0.1
  5.3275  2.6166
  3.947  3.3415
  3.9324  6.862
  7.2508  6.3182
  9.6243  2.4585
  0.0064  8.0471
  5.5009  3.8886
  1.3942  1.2966
  6.3838  3.7137
  0.6943  2.119
  7.0983  6.5573
  5.4283  9.668
  7.0534  7.6205
  7.6666  5.6625
  2.3216  0.7993
  3.5173  4.5167
  5.0022  4.7494
  4.96  4.9555
  6.9751  4.0159
  4.424  0.1
  6.7444  2.4533
  3.1817  5.7354
  6.8369  5.3599
  6.906  1.8119
  4.5416  2.9
  8.4597  5.7276
  4.5121  5.6829
  5.7494  3.7651
  5.9338  5.7012
  4.7157  1.499
  5.7092  3.4719
  2.7093  2.4636
  4.5011  4.0543
  6.1234  3.575
  5.8998  3.2533
  6.0913  4.8061
  6.1383  6.8743
  4.4343  0.8135
  4.8443  5.6189
  5.0499  4.6362
  1.5547  2.3317
  6.0774  5.5556
  3.4991  4.734
  3.578  1.6951
  5.142  4.4341
  5.7928  5.4601
  8.3542  5.8975
  4.2783  5.8794
  2.065  4.2014
  7.107  5.3583
  6.6565  7.8201
  3.5185  5.5896
  4.8133  6.2293
  5.2352  5.5642
  8.0935  5.2618
  4.5804  3.2646
  3.6119  6.0762
  7.6246  3.5114
  1.3813  2.733
  5.868  2.1064
  1.083  3.1111
  0.9196  4.6509
  4.1979  4.1205
  7.5933  2.1841
  0.7042  3.9433
  5.9379  1.1409
  4.2631  3.3056
  5.0556  2.769
  10.3269  3.4751
  5.373  3.0305
  -0.2862  6.7618
  -1.3136  6.7136
  2.3571  1.2822
  4.7822  8.3918
  5.6392  3.6175
  3.4645  5.3014
  4.2598  5.4276
  1.073  5.0569
  5.636  1.2796
  2.9347  3.7052
  4.027  4.5801
  2.1306  2.2309
  9.228  2.3152
  4.1478  3.6458
  4.443  6.4138
  3.8557  5.7099
  3.2891  5.5462
  4.5718  3.6505
  4.8228  5.1005
  2.6131  2.0591
  9.0745  5.013
  4.2782  5.2842
  4.8797  0.1
  5.3227  3.7563
  5.6983  2.4505
  4.5591  6.2843
  4.6983  3.1421
  5.7301  3.2117
  7.1357  3.651
  5.7267  2.5917
  2.5044  5.4386
  5.524  5.2749
  6.4734  1.0615
  5.2396  0.1
  6.0387  1.8287
  5.9346  5.4519
  3.9211  3.9539
  7.4446  0.6922
  6.2873  4.2368
  6.8963  0.6962
  5.0071  6.2084
  7.7183  2.4615
  4.4409  7.6828
  2.1604  3.9085
  5.3548  4.3499
  3.1315  5.9289
  6.7771  7.6323
  3.4141  3.0366
  7.1932  7.6307
  4.9801  0.9439
  4.5678  5.9294
  6.3562  6.2259
  8.8499  3.1374
  3.1911  1.5946
  4.7544  6.0382
  8.4544  4.4375
  5.0295  3.7342
  7.4528  2.476
  4.7901  3.8452
  4.9457  7.6164
  3.2161  8.9105
  3.6894  2.359
  3.6783  5.2975
  4.9718  6.2424
  3.3527  0.6536
  4.2581  4.5595
  2.0605  3.787
  6.0712  2.3867
  3.352  1.8097
  4.7131  4.9127
  10.4951  6.3304
  2.4766  0.9264
  4.7794  7.144
  6.3143  2.9454
  7.0033  6.7547
  7.9235  1.8672
  5.8748  1.4376
  3.3891  1.4428
  4.4761  1.128
  6.5498  3.9754
  3.2711  4.9709
  8.0615  4.6908
  3.8327  3.4323
  4.7918  2.5969
  1.5765  3.243
  7.4854  2.3455
  1.1393  3.8224
  7.2056  0.5551
  5.3801  4.8229
  6.0737  5.1142
  6.2163  0.8321
  6.2321  6.755
  4.5567  4.7428
  2.9712  6.606
  3.7632  7.299
  4.2401  5.3555
  3.9332  7.7555
  1.0557  4.7386
  0.8411  1.5904
  8.784  5.816
  0.9789  3.9879
  3.7607  5.1396
  8.7008  5.3078
  5.8693  5.0161
  2.815  5.4023
  6.8422  2.7753
  3.715  6.9
  5.4182  1.7254
  4.1518  3.085
  4.871  3.8546
  4.5014  7.3479
  6.6646  6.966
  1.6107  4.2223
  7.3496  5.4508
  3.6413  2.4881
  6.92  3.575
  6.2966  4.3132
  4.7647  4.241
  3.3408  7.4024
  6.0964  6.7987
  3.9416  2.9189
  4.3615  2.2768
  6.3563  5.425
  3.9737  3.3607
  5.7532  2.4948
  4.1813  7.121
  3.5068  2.9664
  10.0095  0.1
  2.6313  7.5946
  4.1809  4.9997
  9.2393  2.5659
  3.817  4.8216
  4.8484  2.9501
  4.7334  1.3437
  5.9314  5.669
  4.6771  3.5524
  6.0976  2.9235
  4.3837  3.8633
  7.944  3.9016
  4.7725  3.6717
  4.2324  2.0702
  3.1618  5.7207
  3.8618  4.1847
  4.0475  1.3442
  4.0705  6.7939
  4.1708  2.6473
  4.1442  3.3307
  5.457  3.1767
  4.8048  3.0182
  5.715  4.6225
  5.4234  5.2663
  4.8015  6.4259
  5.9324  6.9757
  4.8406  4.5443
  3.6356  4.0313
  6.6361  3.269
  7.9844  4.0513
  8.1664  1.9024
  4.4463  3.0073
  7.0213  5.2842
  4.8472  3.0884
  4.9463  5.4492
  6.6715  3.8808
  4.1058  4.2041
  5.2585  4.5051
  4.093  7.4809
  3.7424  7.0249
  7.7873  5.8942
  8.7481  5.1117
  4.3666  2.9539
  3.6578  5.6747
  2.0388  1.1553
  8.065  6.0258
  5.8287  5.8467
  6.5486  3.6263
  2.0627  6.5662
  5.8924  1.2476
  5.2846  3.0626
  4.7693  3.3441
  6.1024  3.5832
  2.6901  5.346
  5.9716  1.1484
  5.8183  5.7753
  4.695  4.3754
  3.4713  0.4999
  6.0437  3.8242
  5.8592  3.5304
  4.4793  4.3246
  4.8734  5.7326
  4.1522  1.1112
  5.2882  1.3936
  -0.0679  1.8064
  4.1228  2.4081
  1.9267  3.5507
  7.4329  5.6588
  5.0165  5.8422
  4.1192  2.236
  6.3569  1.8328
  5.668  3.9487
  4.2745  3.0839
  7.2744  0.8213
  5.538  3.4229
  3.5172  4.0779
  5.6316  3.8801
  5.4901  6.8297
  3.7982  4.8359
  1.5228  4.9139
  1.2661  5.2627
  4.0497  4.3283
  2.089  4.048
  6.648  5.2397
  4.9655  3.9871
  7.2909  5.472
  3.7505  2.8403
  3.6403  3.9287
  2.6787  0.1
  4.5634  4.5058
  5.3729  6.17
  2.415  2.9737
  2.1151  4.4917
  4.7908  3.0384
  5.0829  2.5862
  2.9559  7.161
  6.6207  3.6317
  1.9171  3.5714
  6.1485  4.3398
  7.0183  6.4538
  4.8309  3.0638
  4.0112  3.1731
  6.8091  3.1517
  1.6384  4.9299
  4.8021  3.0656
  1.073  6.3401
  6.3927  1.7262
  5.3035  1.8325
  2.2788  0.1
  6.5587  5.7598
  4.3803  3.8803
  8.5099  2.4892
  2.6305  4.2551
  6.099  3.4062
  2.1478  2.4656
  6.37  5.4295
  1.6586  1.5548
  3.0297  3.9491
  9.4136  3.4284
  5.1242  2.4057
  10.1706  2.7962
  3.9765  4.3124
  2.3513  5.6175
  4.9833  2.3146
  3.8084  0.2119
  3.8889  0.1
  4.0991  3.0089
  3.822  2.8343
  3.316  6.4681
  7.8785  3.6609
  7.2873  3.387
  4.3951  2.3424
  6.3949  5.2361
  2.4191  4.32
  3.966  2.1962
  4.9486  0.1623
  4.1321  7.779
  5.8713  1.7288
  6.1067  4.1772
  4.3584  2.8285
  5.0014  2.8152
  4.6536  5.479
  6.6314  1.4071
  4.0632  7.2138
  8.5931  4.7395
  8.2191  6.4164
  4.736  0.1
  4.8777  1.4356
  5.2727  7.4924
  5.4974  2.4297
  2.6613  0.1
  1.188  7.2535
  6.7119  3.7379
  4.6941  3.8961
  4.9765  6.7842
  5.7802  0.1
  7.1213  0.1404
  4.1876  1.2279
  5.0807  1.4857
  2.2444  1.9069
  6.6276  3.6285
  6.3344  6.7206
  5.4767  5.1402
  3.061  3.8309
  2.7023  5.1076
  6.8124  5.9317
  4.9435  5.7909
  4.7093  2.877
  6.0041  5.4519
  9.4073  5.4583
  2.7981  2.0438
  2.3966  4.1547
  2.8006  6.7247
  4.417  5.2835
  5.3034  4.6876
  2.927  3.933
  4.1453  3.7974
  5.2494  5.3629
  4.0689  5.6472
  5.6585  7.2775
  -1.6252  2.7146
  7.5172  0.1
  7.9693  4.1644
  0.9155  5.4512
  2.8949  2.1744
  7.9293  3.2262
  3.0813  8.0159
  6.8581  3.3309
  3.421  3.5921
  8.1546  2.035
  2.4522  6.5491
  4.4358  4.2009
  6.0498  3.2199
  0.1518  3.5757
  7.4821  8.3449
  4.7643  3.9427
  7.7309  5.1914
  5.5908  0.1
  4.1673  4.4295
  1.9719  3.2679
  8.417  3.4857
  2.1313  0.2258
  4.9774  2.8446
  3.263  4.455
  5.5696  4.3492
  5.701  1.542
  3.719  3.3477
  4.8924  5.9791
  3.5436  2.4449
  7.9748  4.3169
  2.2039  3.3781
  2.5276  1.7261
  2.3315  2.408
  9.1194  6.021
  7.7633  6.1752
  4.7302  4.8069
  5.2056  1.8639
  2.6751  5.8007
  2.5632  4.4019
  6.3042  5.5055
  5.7385  1.5985
  6.0808  3.7235
  3.0449  0.1
  5.9024  0.8951
  1.5853  7.4958
  2.5973  3.16
  5.1436  4.1404
  2.9614  2.5833
  6.6113  3.4424
  4.9537  0.1
  3.8526  5.7148
  3.5416  2.0969
  5.7498  5.1973
  5.6675  2.8673
  6.4993  7.2579
  7.3399  0.8733
  10.859  1.3488
  2.5482  4.6088
  4.8113  4.7227
  7.6233  5.861
  3.213  4.1441
  7.0224  6.1058
  7.2489  5.6349
  6.4158  2.973
  2.3636  4.8448
  4.0919  6.489
  3.2549  3.2376
  4.1438  5.9339
  6.5029  4.0456
  5.584  7.2295
  1.4747  5.4961
  7.16  6.4285
  6.605  2.4522
  3.9219  5.3244
  3.8214  3.6033
  1.9895  1.6151
  5.6933  3.148
  3.4825  3.6244
  5.6028  3.4775
  5.3452  4.177
  4.497  3.9773
  3.2255  2.9968
  1.3259  1.6671
  2.6259  3.2022
  7.2606  3.9819
  5.3009  2.1151
  5.5742  7.3916
  4.8255  2.3505
  2.6683  4.5258
  3.1174  5.4268
  2.9754  0.6878
  5.9599  1.4126
  6.2123  6.0749
  3.8144  4.4166
  7.7843  3.0703
  8.1969  3.3429
  3.1246  4.1951
  5.4503  6.2687
  6.7728  4.739
  6.3124  4.3618
  6.5842  2.9626
  2.8375  4.4171
  10.3783  5.6154
  3.6  6.7878
  1.271  3.4962
  5.7948  2.6535
  3.8116  3.66
  3.915  2.4317
  2.8316  0.8799
  3.0672  3.7969
  7.0127  2.6732
  2.5766  7.2109
  2.7135  4.1892
  3.1272  2.5622
  5.7731  4.9223
  7.542  5.3375
  5.3081  5.2491
  2.9395  6.421
  6.0653  4.9796
  6.197  1.0406
  2.7321  4.2646
  5.2899  5.1501
  5.2132  3.631
  7.5156  4.6991
  6.4933  6.3904
  7.5279  4.6354
  6.4516  4.532
  7.145  8.5612
  2.9102  2.4945
  8.1674  4.3723
  4.1402  2.6117
  6.8749  5.1207
  9.0155  3.8176
  6.8032  7.3078
  2.1322  1.8932
  5.5428  2.8549
  4.157  2.6782
  4.7042  2.192
  2.4405  4.7704
  5.2496  5.9577
  6.0439  4.8479
  6.5058  2.1703
  4.0031  4.5497
  6.8698  5.2931
  4.576  3.6274
  5.4997  1.6872
  6.6971  5.5446
  6.8581  5.9869
  6.9958  0.2319
  5.4505  1.1403
  3.0946  3.7344
  7.3661  4.6623
  5.4629  7.5712
  5.482  2.1006
  2.2122  2.2541
  5.2238  0.9187
  5.8765  4.6178
  3.56  4.2083
  6.033  2.7361
  6.4656  2.5666
  6.175  6.9153
  5.6441  1.4531
  5.1774  4.1621
  3.2776  1.481
  4.2367  5.7367
  6.6358  6.3998
  4.9103  7.9292
  3.3077  4.8816
  4.5168  6.9828
  5.0645  1.9358
  5.4837  1.756
  3.2555  5.8527
  4.9594  5.7112
  3.2527  6.5936
  4.6494  0.1
  3.2086  1.2051
  2.0724  5.021
  5.7313  5.1816
  3.5254  5.0634
  2.0639  3.0342
  4.6825  2.8594
  5.2009  3.9545
  5.9422  4.607
  6.9106  3.0395
  6.303  4.555
  5.4862  4.2674
  0.687  7.835
  3.1694  2.4071
  4.3554  1.38
  8.4918  2.7606
  3.6324  2.3406
  5.8741  6.7917
  5.5455  2.4516
  7.6456  4.5671
  3.5552  3.856
  5.2627  4.4742
  5.0032  4.0478
  8.7256  9.6674
  5.346  2.1656
  2.8995  5.6263
  1.7519  3.6364
  5.7899  4.3633
  4.1907  7.6755
  6.5925  3.0583
  6.5665  3.6321
  3.9675  3.1848
  7.365  2.8819
  4.8574  6.0401
  5.6082  4.4808
  3.6694  8.6617
  6.6366  0.1
  7.6084  1.4279
  2.2559  2.6041
  7.5157  3.4552
  5.4212  0.66
  7.151  3.4655
  2.4214  4.6496
  5.9797  4.17
  7.5828  5.1673
  8.0044  3.8904
  5.2191  5.7284
  7.3173  3.3338
  8.7717  4.2307
  5.0097  4.8837
  3.2886  0.708
  9.1115  6.1285
  3.1521  4.2742
  6.2471  3.0241
  7.8662  3.011
  6.9848  2.7391
  6.0143  7.0997
  5.9489  3.0238
  5.4433  5.4497
  4.1439  3.2101
  8.524  6.7939
  3.6735  1.3634
  2.4332  1.7704
  4.4321  3.8486
  2.2325  4.3092
  -0.8064  4.2797
  8.2156  1.5698
  -0.7594  4.3331
  6.4013  3.1832
  5.4575  6.5821
  8.3787  5.196
  2.528  4.3388
  2.9994  3.9689
  4.5172  2.8581
  8.0623  3.5447
  2.0381  4.7591
  6.3722  4.1021
  3.4503  3.1352
  3.8224  2.9906
  3.5964  3.5579
  2.2884  4.4935
  3.4353  5.7542
  5.7625  7.0115
  2.2714  6.8224
  4.7669  5.2378
  6.7795  5.9224
  5.1232  4.9091
  4.8166  5.4553
  3.2165  4.8091
  8.0788  8.0129
  7.1362  6.9227
  6.0472  6.1076
  8.8901  3.8915
  1.8245  3.6594
  5.372  2.3521
  2.6043  3.014
  2.54  5.8253
  8.4094  5.3508
  2.2108  4.4141
  3.2834  4.5595
  3.3537  5.9657
  6.4046  3.3588
  6.0089  4.1264
  8.4549  0.1969
  5.8258  6.486
  4.2664  3.0018
  5.3546  2.1605
  3.9268  1.9516
  4.6449  0.1
  3.7945  5.1169
  4.2429  3.1762
  6.7979  7.1556
  3.5255  6.4099
  1.499  2.3083
  6.0716  4.5154
  5.2382  5.7297
  4.5946  5.525
  4.022  2.745
  1.2502  5.3527
  3.2644  6.0151
  7.0194  3.5556
  5.1745  4.3956
  4.5899  1.0828
  7.8915  2.8644
  6.0589  4.5827
  5.5793  4.4379
  6.8242  2.2585
  6.9841  4.3317
  5.0785  3.1698
  4.9092  5.1583
  2.6561  0.5588
  4.4505  5.4042
  4.4019  6.7424
  7.5921  6.805
  7.9046  4.5271
  6.1339  2.6358
  -0.371  4.8108
  3.4565  3.5977
  0.0292  5.7951
  4.5965  2.8185
  2.6902  2.3748
  3.3062  2.0579
  2.1739  3.5804
  4.3237  5.7188
  1.497  3.1084
  3.2173  4.6818
  4.8952  5.698
  8.6764  4.0021
  6.06  2.5007
  4.7463  4.0497
  9.2777  1.7209
  4.7319  4.0389
  3.4913  4.7049
  5.0283  4.2391
  3.5556  5.4692
  3.1391  3.2557
  6.6947  6.7958
  3.4995  5.2457
  4.8293  6.088
  5.2229  7.3941
  8.0652  2.0535
  4.3464  2.499
  4.8384  0.3655
  1.6526  6.0396
  5.6815  5.507
  3.1906  1.8978
  4.6129  6.7657
  5.1508  4.366
  7.3556  4.7593
  5.3639  4.8548
  4.6186  7.1468
  4.7913  2.559
  6.3632  5.8933
  4.0565  5.448
  7.1531  0.1
  1.5506  4.801
  3.1389  7.3729
  5.6481  3.7968
  5.1235  3.2402
  3.7162  4.2437
  7.0058  0.9059
  5.4816  3.1008
  5.1722  2.4964
  5.2877  1.8557
  4.9594  3.4794
  1.6695  4.8365
  -0.6237  3.2486
  2.0188  4.514
  4.3279  5.6339
  4.5958  3.5741
  7.2412  3.0704
  4.9406  6.8525
  6.3238  7.9658
  5.9181  2.9407
  7.1481  5.8447
  4.4538  5.0802
  4.8352  4.9961
  5.0652  3.7402
  8.3775  4.9124
  2.339  4.4168
  4.4017  4.626
  5.4799  4.7325
  1.6032  0.8642
  7.8012  3.9467
  7.6762  5.0552
  3.9338  0.623
  6.0239  5.0346
  8.5024  3.595
  5.1523  0.3839
  3.7863  4.4919
  4.2984  2.2521
  7.8355  7.2054
  2.8637  4.1978
  4.143  6.9696
  5.4749  5.1946
  3.1299  6.655
  4.4021  7.7258
  7.1849  2.6981
  6.0538  4.4868
  4.5574  5.4997
  4.9491  4.0563
  3.7369  2.5112
  5.1532  4.3574
  7.1517  1.2909
  5.225  7.1878
  3.6439  1.9131
  3.1468  5.5829
  2.4677  4.039
  3.6616  2.8491
  4.3874  3.2509
  4.2649  3.8921
  5.5379  3.093
  5.9412  3.0408
  4.0918  4.0837
  1.5675  2.3581
  3.664  1.9544
  4.5369  2.5335
  3.1776  6.032
  9.1649  5.9879
  5.5962  6.248
  5.6284  3.4786
  5.223  3.3283
  0.5904  2.3173
  3.342  4.9672
  4.038  0.4005
  4.9428  4.5734
  6.5386  4.7286
  9.7812  2.2652
  7.6343  5.842
  3.7292  3.7438
  3.5077  3.7522
  4.1139  3.1103
  4.9895  1.9284
  7.2491  5.7562
  3.6094  5.7254
  2.8972  0.432
  5.6298  5.0931
  3.5213  5.0524
  8.921  10.0248
  3.2541  4.6533
  2.5429  9.663
  4.1283  5.72
  5.1889  1.8859
  4.5863  1.2927
  3.7201  3.4638
  5.4499  0.1
  4.8688  9.106
  3.0965  4.6517
  4.1537  0.1
  3.0092  2.633
  6.694  3.9298
  4.5594  5.3464
  5.2583  3.6701
  6.3364  1.2475
  4.5875  6.5067
  0.7197  2.4187
  5.3126  4.4583
  4.3273  4.8598
  3.2269  5.9589
  5.3894  7.6304
  6.6932  5.1032
  7.8322  2.3935
  4.4135  0.4996
  6.741  7.3083
  4.029  1.5657
  7.2497  2.5254
  3.9912  7.079
  4.2825  3.6271
  8.2237  5.1818
  2.8719  7.0106
  1.5173  6.015
  5.9804  2.9532
  3.4422  1.7752
  8.458  4.2489
  3.7388  5.1478
  7.4092  4.6377
  6.394  5.908
  5.1175  4.6332
  4.7692  2.0153
  2.466  4.9012
  3.5832  3.9579
  4.5046  5.9406
  5.5599  4.6129
  4.427  3.724
  4.3202  4.4992
  1.5518  3.9605
  5.7351  4.7865
  2.845  3.1578
  4.2385  2.9201
  2.5663  1.8271
  5.0182  4.771
  5.296  2.257
  5.77  3.6024
  4.0089  2.1494
  3.9813  5.434
  4.6321  3.7537
  2.9979  9.5808
  0.4701  0.1
  3.9503  4.3988
  8.5471  5.0276
  5.6016  5.8393
  5.1902  0.1
  5.5097  4.4346
  9.3393  2.5581
  7.5148  1.2796
  8.0656  4.2652
  6.674  5.4076
  6.3556  4.1951
  3.688  3.6806
  3.4691  3.7746
  1.7823  4.3445
  6.9546  6.4038
  7.6276  4.305
  4.6917  3.4895
  5.7847  5.4342
  5.6763  1.3092
  7.7561  4.955
  6.9814  4.1038
  4.478  7.8751
  2.8603  0.6237
  8.9916  4.4808
  4.1433  2.8299
  0.9878  7.7345
  6.4113  5.02
  6.6493  2.1707
  5.9168  6.1714
  0.5902  5.1919
  6.4942  4.203
  3.2289  3.6689
  4.0836  4.7257
  3.9358  5.5288
  3.9633  2.9603
  7.3371  3.6785
  6.0632  1.4052
  8.0418  1.0957
  5.1939  3.5509
  3.4739  3.4512
  7.4702  7.4779
  4.5267  3.2851
  1.2441  7.4302
  2.8679  2.1802
  5.2096  5.4681
  8.0465  8.3492
  6.5077  3.0397
  3.6864  3.643
  6.6089  5.9098
  6.2339  0.2111
  3.8677  6.9134
  3.9338  3.8393
  10.4536  3.8521
  7.8469  7.6774
  6.5164  3.1302
  0.4399  2.2821
  6.2866  5.1839
  7.3445  1.7883
  5.3989  0.1
  3.2344  5.0586
  0.6355  5.6334
  8.6613  1.1278
  4.4823  7.4369
  6.0013  4.7947
  5.215  1.2564
  4.7263  6.5733
  5.174  5.4434
  4.2765  2.2571
  4.1376  1.8939
  2.2754  3.9602
  4.5424  2.1192
  6.3921  2.1368
  5.8512  4.9968
  8.3319  4.6841
  6.5792  4.1494
  2.1856  5.7114
  8.3588  3.7514
  9.1876  5.8477
  9.002  3.6376
  3.2307  4.112
  3.5475  4.3969
  4.5167  4.329
  4.8199  2.0515
  3.9412  6.5383
  4.873  1.3183
  0.9664  3.3551
  5.5576  1.6396
  1.4254  5.1216
  11.3882  5.744
  3.0068  3.7647
  4.7623  1.4564
  2.1917  3.7145
  6.5803  4.5058
  3.6334  5.0188
  6.0425  2.0346
  2.5643  5.2904
  7.2724  4.8108
  7.3585  6.934
  1.9433  4.9572
  7.6319  6.2672
  7.8544  2.8248
  6.3635  5.5526
  3.8037  4.3814
  2.3366  2.3023
  5.6551  6.1028
  4.9984  7.0682
  7.9786  2.0343
  4.7972  2.9931
  6.6465  5.4363
  3.4126  5.8482
  2.3587  6.3557
  0.1217  3.6418
  3.5842  5.3519
  5.5051  0.1
  2.3092  2.8257
  7.3676  7.2625
  6.364  6.8459
  3.4938  4.8332
  5.254  1.8404
  4.2992  3.2863
  5.9122  4.9908
  3.9031  2.9362
  1.1987  5.0106
  4.7932  3.942
  6.0916  3.0093
  3.0723  2.7959
  4.3127  4.4353
  3.7883  3.1185
  2.3408  3.1848
  1.5059  2.6785
  6.0799  4.3428
  4.6876  3.5509
  6.8006  1.6431
  5.8845  2.5671
  5.5565  3.6958
  3.9135  4.6246
  3.7076  1.5741
  4.034  1.4906
  5.2903  2.7842
  2.4722  4.7286
  5.8036  3.6309
  4.4154  5.8266
  4.4577  4.5161
  2.73  5.1152
  4.7141  5.0365
  4.4538  2.4941
  2.596  3.5874
  4.0812  1.4056
  7.5018  6.0513
  0.9307  0.1
  1.9608  4.3131
  10.3594  1.6363
  4.3655  6.6658
  4.0093  6.2318
  6.8683  3.9416
