Synthetic 10x10 grid
1
Value
6.2262
5.9519
5.7055
5.7445
6.1969
6.9733
7.7889
8.2832
8.1855
7.4462
7.6412
7.5282
7.2641
7.0855
7.1266
7.3401
7.5165
7.3898
6.7801
5.7
8.6025
8.7266
8.5024
8.1216
7.7294
7.3526
6.9005
6.2334
5.2635
4.0346
8.9973
9.3429
9.1392
8.5414
7.7345
6.8536
5.9464
4.9906
3.9516
2.8466
8.902
9.3311
9.0381
8.1786
7.0122
5.7976
4.7053
3.7855
2.9963
2.2733
8.496
8.7817
8.2406
7.0727
5.6311
4.2815
3.2709
2.6619
2.3541
2.1751
7.9509
7.864
6.9442
5.4605
3.8459
2.528
1.7724
1.6076
1.8564
2.2512
7.3491
6.7609
5.4356
3.6992
2.02
0.8299
0.3688
0.6177
1.3435
2.2261
6.6674
5.6185
4.001
2.1514
0.5135
-0.5235
-0.7605
-0.2423
0.7888
2.0085
5.8241
4.5248
2.8476
1.0769
-0.4192
-1.3145
-1.4362
-0.8147
0.3434
1.7421
